# Energy V1 V2 V3 V4 V5 V6 V7 V8 V9
-1.535799e+02 3.403000e+00 7.536000e-01 -5.178000e+00 0.000000e+00 1.902000e+01 -6.320000e+00 0.000000e+00 0.000000e+00 9.908000e+00
-1.532579e+02 4.961000e+00 6.140000e-16 -3.787000e+00 0.000000e+00 1.864000e+01 4.770000e-15 0.000000e+00 0.000000e+00 6.941000e+00
-1.528969e+02 1.205000e+01 2.129000e+00 -6.851000e+00 0.000000e+00 8.310000e+00 8.639000e+00 0.000000e+00 0.000000e+00 6.253000e+00
-1.528531e+02 1.209000e+01 -7.108000e-01 -2.299000e+00 0.000000e+00 3.963000e+00 8.232000e+00 0.000000e+00 0.000000e+00 1.307000e+01
-1.526994e+02 7.480000e+01 5.557000e-15 4.580000e-15 0.000000e+00 6.125000e+00 -1.192000e+00 0.000000e+00 0.000000e+00 1.123000e+01
-1.525772e+02 5.790000e+00 -2.181000e+00 -1.955000e+01 0.000000e+00 5.930000e+00 2.760000e-01 0.000000e+00 0.000000e+00 1.874000e+01
-1.521171e+02 1.898000e+01 1.162000e-15 1.162000e-15 0.000000e+00 6.236000e+00 1.017000e-15 0.000000e+00 0.000000e+00 2.177000e+01
-1.519030e+02 5.613000e+00 -1.844000e+00 -1.994000e+00 0.000000e+00 1.094000e+01 4.119000e+00 0.000000e+00 0.000000e+00 2.097000e+01
-1.518763e+02 5.536000e+00 -5.426000e-01 2.805000e+00 0.000000e+00 1.083000e+01 3.164000e+00 0.000000e+00 0.000000e+00 2.152000e+01
-1.518459e+02 1.080000e+01 1.597000e-15 -1.080000e+01 0.000000e+00 1.912000e+01 5.447000e-15 0.000000e+00 0.000000e+00 6.236000e+00
-1.518440e+02 6.235000e+00 3.818000e-16 3.818000e-16 0.000000e+00 2.206000e+01 4.169000e-15 0.000000e+00 0.000000e+00 1.880000e+01
-1.518116e+02 9.673000e+00 -1.045000e-03 2.008000e+00 0.000000e+00 2.123000e+01 2.142000e+00 0.000000e+00 0.000000e+00 6.240000e+00
-1.517294e+02 9.707000e+00 7.303000e-16 -2.013000e+00 0.000000e+00 2.117000e+01 6.024000e-15 0.000000e+00 0.000000e+00 6.242000e+00
-1.516543e+02 2.134000e+01 1.967000e-15 1.307000e-15 0.000000e+00 9.601000e+00 -4.039000e+00 0.000000e+00 0.000000e+00 6.242000e+00
-1.516486e+02 1.877000e+01 1.149000e-15 1.149000e-15 0.000000e+00 6.234000e+00 1.004000e-15 0.000000e+00 0.000000e+00 2.207000e+01
-1.515582e+02 1.197000e+01 -6.071000e-01 6.942000e+00 0.000000e+00 5.322000e+00 3.268000e+00 0.000000e+00 0.000000e+00 1.976000e+01
-1.515130e+02 6.116000e+00 1.506000e-15 -1.153000e+01 0.000000e+00 2.034000e+01 3.509000e-15 0.000000e+00 0.000000e+00 1.030000e+01
-1.514463e+02 6.079000e+00 2.956000e-16 1.414000e+00 0.000000e+00 2.147000e+01 3.889000e-15 0.000000e+00 0.000000e+00 9.809000e+00
-1.513118e+02 1.647000e+01 2.974000e-15 -2.149000e+01 0.000000e+00 6.242000e+00 1.807000e-15 0.000000e+00 0.000000e+00 2.454000e+01
-1.512818e+02 1.915000e+01 1.896000e-15 1.173000e-15 0.000000e+00 2.152000e+01 -1.075000e+01 0.000000e+00 0.000000e+00 6.242000e+00
-1.512770e+02 6.239000e+00 3.821000e-16 3.821000e-16 0.000000e+00 1.897000e+01 3.082000e-15 0.000000e+00 0.000000e+00 2.187000e+01
-1.511926e+02 6.646000e+00 6.164000e-16 -2.839000e+00 0.000000e+00 2.137000e+01 4.312000e-15 0.000000e+00 0.000000e+00 8.801000e+00
-1.510793e+02 9.607000e+00 -6.469000e-03 -1.730000e+00 0.000000e+00 2.147000e+01 5.396000e+00 0.000000e+00 0.000000e+00 6.239000e+00
-1.509904e+02 1.947000e+01 1.192000e-15 1.192000e-15 0.000000e+00 2.118000e+01 6.031000e-15 0.000000e+00 0.000000e+00 6.239000e+00
-1.509618e+02 6.237000e+00 3.819000e-16 3.819000e-16 0.000000e+00 2.052000e+01 3.628000e-15 0.000000e+00 0.000000e+00 2.009000e+01
-1.509489e+02 2.404000e+01 2.419000e-15 -1.244000e+01 0.000000e+00 6.244000e+00 1.318000e-15 0.000000e+00 0.000000e+00 1.683000e+01
-1.508798e+02 4.591000e+00 5.103000e-01 4.204000e+00 0.000000e+00 1.229000e+01 -1.247000e+01 0.000000e+00 0.000000e+00 2.238000e+01
-1.508208e+02 5.966000e+00 2.704000e-16 1.823000e+00 0.000000e+00 9.963000e+00 1.634000e-15 0.000000e+00 0.000000e+00 2.166000e+01
-1.507723e+02 4.639000e+00 1.281000e-15 -9.946000e+00 0.000000e+00 4.735000e+01 7.283000e-15 0.000000e+00 0.000000e+00 5.775000e+00
-1.507676e+02 1.131000e+01 7.017000e-16 6.922000e-16 0.000000e+00 8.474000e+01 -1.147000e+00 0.000000e+00 0.000000e+00 5.333000e+00
-1.507482e+02 4.195000e+00 1.288000e-15 -1.010000e+01 0.000000e+00 2.089000e+01 5.045000e-15 0.000000e+00 0.000000e+00 1.471000e+01
-1.507455e+02 6.224000e+00 3.603000e-16 3.505000e-01 0.000000e+00 9.802000e+00 1.649000e-15 0.000000e+00 0.000000e+00 2.112000e+01
-1.507325e+02 1.006000e+01 -1.384000e-02 8.119000e+00 0.000000e+00 2.054000e+01 -1.439000e+00 0.000000e+00 0.000000e+00 6.238000e+00
-1.506022e+02 4.025000e+00 -1.461000e+01 -9.559000e+00 0.000000e+00 4.929000e+00 -3.003000e+00 0.000000e+00 0.000000e+00 1.593000e+01
-1.506003e+02 2.082000e+01 1.384000e-15 -1.720000e+00 0.000000e+00 9.937000e+00 2.832000e-15 0.000000e+00 0.000000e+00 6.233000e+00
-1.505828e+02 4.383000e+00 6.541000e-16 -4.442000e+00 0.000000e+00 2.009000e+01 4.883000e-15 0.000000e+00 0.000000e+00 1.462000e+01
-1.505599e+02 9.719000e+00 5.236000e-16 5.951000e-16 0.000000e+00 2.129000e+01 2.735000e+00 0.000000e+00 0.000000e+00 6.236000e+00
-1.504280e+02 1.964000e+01 2.680000e-15 1.203000e-15 0.000000e+00 2.106000e+01 -1.874000e+01 0.000000e+00 0.000000e+00 6.240000e+00
-1.504181e+02 8.427000e+01 5.723000e-15 -8.741000e+00 0.000000e+00 1.129000e+01 1.866000e-15 0.000000e+00 0.000000e+00 5.377000e+00
-1.503165e+02 1.085000e+01 2.048000e+00 6.251000e+00 0.000000e+00 6.154000e+00 -1.032000e+00 0.000000e+00 0.000000e+00 1.899000e+01
-1.503148e+02 4.325000e+01 2.352000e-15 2.649000e-15 0.000000e+00 1.910000e+01 2.276000e+00 0.000000e+00 0.000000e+00 6.238000e+00
-1.502504e+02 6.237000e+00 3.758000e-16 1.012000e-01 0.000000e+00 9.602000e+00 1.580000e-15 0.000000e+00 0.000000e+00 2.159000e+01
-1.502294e+02 2.100000e+01 9.530000e-16 6.380000e+00 0.000000e+00 9.877000e+00 2.814000e-15 0.000000e+00 0.000000e+00 6.234000e+00
-1.501984e+02 6.143000e+00 4.438000e-16 -1.021000e+00 0.000000e+00 9.870000e+00 1.651000e-15 0.000000e+00 0.000000e+00 2.124000e+01
-1.500990e+02 1.854000e+01 2.038000e-15 1.135000e-15 0.000000e+00 2.240000e+01 -1.387000e+01 0.000000e+00 0.000000e+00 6.238000e+00
-1.499990e+02 7.993000e+00 -1.343000e+00 2.432000e+00 0.000000e+00 1.926000e+01 -1.423000e+01 0.000000e+00 0.000000e+00 6.245000e+00
-1.498875e+02 1.804000e+01 1.006000e-15 1.105000e-15 0.000000e+00 2.285000e+01 2.136000e+00 0.000000e+00 0.000000e+00 6.239000e+00
-1.497838e+02 4.312000e+01 3.275000e-15 2.640000e-15 0.000000e+00 1.308000e+01 -2.841000e+00 0.000000e+00 0.000000e+00 8.902000e+00
-1.497542e+02 7.093000e+01 4.343000e-15 4.343000e-15 0.000000e+00 1.021000e+01 2.529000e-15 0.000000e+00 0.000000e+00 7.175000e+00
-1.497345e+02 5.570000e+00 2.103000e-16 2.800000e+00 0.000000e+00 2.159000e+01 3.569000e-15 0.000000e+00 0.000000e+00 1.074000e+01
-1.497092e+02 5.256000e+00 5.500000e-01 3.335000e+00 0.000000e+00 1.589000e+01 -4.939000e-01 0.000000e+00 0.000000e+00 1.517000e+01
-1.496943e+02 6.206000e+00 4.224000e-16 -6.580000e-01 0.000000e+00 1.222000e+01 2.520000e-15 0.000000e+00 0.000000e+00 1.722000e+01
-1.496226e+02 3.280000e+00 1.431000e+00 5.126000e+00 0.000000e+00 1.564000e+01 -2.871000e+00 0.000000e+00 0.000000e+00 2.468000e+01
-1.495939e+02 7.972000e+00 -1.967000e+00 -2.283000e+00 0.000000e+00 1.938000e+01 4.532000e+00 0.000000e+00 0.000000e+00 6.245000e+00
-1.495764e+02 5.694000e+00 -2.306000e+00 1.092000e+00 0.000000e+00 2.687000e+01 -2.205000e+00 0.000000e+00 0.000000e+00 1.705000e+01
-1.495718e+02 1.047000e+01 -1.146000e-01 -9.062000e+00 0.000000e+00 1.977000e+01 -4.017000e+00 0.000000e+00 0.000000e+00 6.239000e+00
-1.495331e+02 1.593000e+01 -7.420000e-02 5.272000e+00 0.000000e+00 1.281000e+01 3.443000e+00 0.000000e+00 0.000000e+00 6.244000e+00
-1.494969e+02 5.621000e+00 2.166000e-16 2.697000e+00 0.000000e+00 1.720000e+01 4.532000e-15 0.000000e+00 0.000000e+00 1.348000e+01
-1.494217e+02 7.891000e+00 -2.113000e+00 3.751000e+00 0.000000e+00 1.956000e+01 -2.383000e+00 0.000000e+00 0.000000e+00 6.242000e+00
-1.492963e+02 3.773000e+00 7.763000e-17 4.982000e+00 0.000000e+00 1.603000e+01 2.691000e-15 0.000000e+00 0.000000e+00 2.116000e+01
-1.492942e+02 4.174000e+00 1.287000e-17 4.135000e+01 0.000000e+00 8.373000e+00 1.620000e-15 0.000000e+00 0.000000e+00 3.672000e+01
-1.491396e+02 6.219000e+00 3.523000e-16 4.840000e-01 0.000000e+00 1.292000e+01 2.887000e-15 0.000000e+00 0.000000e+00 1.590000e+01
-1.491253e+02 6.071000e+00 1.443000e+00 4.721000e-02 0.000000e+00 7.314000e+00 -1.828000e+00 0.000000e+00 0.000000e+00 2.880000e+01
-1.491247e+02 4.704000e+00 3.638000e+00 -1.909000e+00 0.000000e+00 1.136000e+01 -4.048000e+00 0.000000e+00 0.000000e+00 1.197000e+01
-1.490439e+02 8.065000e+00 3.246000e-16 3.485000e+00 0.000000e+00 2.166000e+01 5.346000e-15 0.000000e+00 0.000000e+00 7.197000e+00
-1.489415e+02 1.132000e+01 -2.271000e+00 -2.083000e+01 0.000000e+00 6.164000e+00 1.015000e+00 0.000000e+00 0.000000e+00 1.830000e+01
-1.489064e+02 7.190000e+00 3.468000e-16 1.732000e+00 0.000000e+00 2.858000e+01 8.135000e-15 0.000000e+00 0.000000e+00 6.239000e+00
-1.488928e+02 4.461000e+00 -2.000000e+01 -1.016000e+00 0.000000e+00 2.348000e+01 -1.087000e+01 0.000000e+00 0.000000e+00 9.243000e+00
-1.488095e+02 1.303000e+01 2.016000e+00 -4.047000e+01 0.000000e+00 6.216000e+00 6.191000e-01 0.000000e+00 0.000000e+00 1.574000e+01
-1.487909e+02 1.322000e+01 2.611000e+00 -6.242000e+00 0.000000e+00 6.036000e+00 9.617000e+00 0.000000e+00 0.000000e+00 7.996000e+00
-1.487430e+02 9.008000e+00 -1.419000e+00 -1.425000e+00 0.000000e+00 6.104000e+00 -1.303000e+00 0.000000e+00 0.000000e+00 1.162000e+01
-1.487023e+02 1.319000e+01 3.637000e+00 8.099000e+00 0.000000e+00 7.863000e+00 -3.997000e+00 0.000000e+00 0.000000e+00 1.204000e+01
-1.485586e+02 1.071000e+01 -7.923000e+00 -1.105000e+00 0.000000e+00 5.722000e+00 2.489000e+00 0.000000e+00 0.000000e+00 2.093000e+01
-1.485405e+02 1.575000e+01 1.687000e+00 -1.265000e+00 0.000000e+00 1.296000e+01 -1.802000e+00 0.000000e+00 0.000000e+00 6.237000e+00
-1.483905e+02 6.190000e+00 3.317000e-16 8.269000e-01 0.000000e+00 3.226000e+01 8.812000e-15 0.000000e+00 0.000000e+00 1.301000e+01
-1.483900e+02 7.679000e+00 2.053000e+00 5.410000e-01 0.000000e+00 6.247000e+00 -5.241000e-02 0.000000e+00 0.000000e+00 2.663000e+01
-1.483867e+02 1.293000e+01 -8.915000e-01 3.309000e-01 0.000000e+00 1.080000e+01 2.253000e+00 0.000000e+00 0.000000e+00 9.000000e+00
-1.483191e+02 8.054000e+00 1.839000e+00 -1.202000e+00 0.000000e+00 6.237000e+00 -3.414000e-01 0.000000e+00 0.000000e+00 2.557000e+01
-1.483003e+02 6.235000e+00 3.818000e-16 3.818000e-16 0.000000e+00 3.754000e+01 5.992000e-15 0.000000e+00 0.000000e+00 1.113000e+01
-1.482791e+02 1.757000e+01 1.076000e-15 1.076000e-15 0.000000e+00 1.195000e+01 3.404000e-15 0.000000e+00 0.000000e+00 6.239000e+00
-1.482652e+02 1.296000e+01 8.618000e-16 7.935000e-16 0.000000e+00 1.585000e+01 -1.311000e+00 0.000000e+00 0.000000e+00 6.234000e+00
-1.482375e+02 7.895000e+00 2.521000e+00 -1.950000e-02 0.000000e+00 5.924000e+00 -1.980000e+00 0.000000e+00 0.000000e+00 2.738000e+01
-1.482116e+02 6.229000e+00 3.603000e-01 3.820000e-16 0.000000e+00 1.593000e+01 4.382000e-15 0.000000e+00 0.000000e+00 1.292000e+01
-1.481615e+02 5.918000e+00 2.605000e-16 1.989000e+00 0.000000e+00 1.602000e+01 4.219000e-15 0.000000e+00 0.000000e+00 1.349000e+01
-1.480654e+02 1.299000e+01 8.836000e-01 -4.182000e+00 0.000000e+00 1.080000e+01 -2.270000e+00 0.000000e+00 0.000000e+00 8.970000e+00
-1.480569e+02 1.484000e+01 8.345000e-01 5.711000e+00 0.000000e+00 5.884000e+00 -2.094000e+00 0.000000e+00 0.000000e+00 1.468000e+01
-1.480299e+02 1.621000e+00 -3.383000e+00 7.253000e+00 0.000000e+00 1.384000e+01 5.496000e+00 0.000000e+00 0.000000e+00 2.855000e+01
-1.480190e+02 1.295000e+01 9.187000e+00 1.405000e+00 0.000000e+00 1.588000e+01 2.151000e+00 0.000000e+00 0.000000e+00 6.240000e+00
-1.480025e+02 1.337000e+01 8.617000e-16 -6.823000e-01 0.000000e+00 5.777000e+00 1.250000e-15 0.000000e+00 0.000000e+00 1.642000e+01
-1.479665e+02 1.543000e+01 -3.749000e+00 7.475000e+00 0.000000e+00 1.334000e+01 -2.774000e+00 0.000000e+00 0.000000e+00 6.237000e+00
-1.479360e+02 6.242000e+00 3.481000e-16 3.822000e-16 0.000000e+00 1.290000e+01 1.210000e+00 0.000000e+00 0.000000e+00 3.187000e+01
-1.479193e+02 1.140000e+01 8.267000e-16 -1.938000e+00 0.000000e+00 6.238000e+00 1.226000e-15 0.000000e+00 0.000000e+00 1.808000e+01
-1.478933e+02 1.300000e+01 7.962000e-16 7.962000e-16 0.000000e+00 6.234000e+00 1.400000e-15 0.000000e+00 0.000000e+00 3.164000e+01
-1.478921e+02 6.118000e+00 4.584000e-16 -1.243000e+00 0.000000e+00 3.928000e+01 6.499000e-15 0.000000e+00 0.000000e+00 1.073000e+01
-1.478047e+02 4.871000e+00 -3.842000e+00 7.782000e-01 0.000000e+00 6.185000e+00 -9.921000e-01 0.000000e+00 0.000000e+00 3.221000e+01
-1.477576e+02 8.982000e+00 7.855000e-01 1.520000e+00 0.000000e+00 6.227000e+00 -3.276000e-01 0.000000e+00 0.000000e+00 2.296000e+01
-1.477239e+02 6.241000e+00 3.822000e-16 3.822000e-16 0.000000e+00 3.172000e+01 8.689000e-15 0.000000e+00 0.000000e+00 1.297000e+01
-1.477191e+02 9.887000e+00 7.731000e-16 -2.441000e+00 0.000000e+00 7.217000e+00 1.402000e-15 0.000000e+00 0.000000e+00 1.829000e+01
-1.477038e+02 5.231000e+00 1.933000e+00 -2.811000e+00 0.000000e+00 1.379000e+01 8.084000e+00 0.000000e+00 0.000000e+00 1.781000e+01
-1.476746e+02 1.123000e+01 6.309000e+00 7.614000e-01 0.000000e+00 5.639000e+00 2.652000e+00 0.000000e+00 0.000000e+00 2.031000e+01
-1.476503e+02 1.492000e+01 1.619000e+00 8.396000e+00 0.000000e+00 6.166000e+00 9.803000e-01 0.000000e+00 0.000000e+00 1.398000e+01
-1.476303e+02 1.320000e+01 7.553000e-16 8.975000e-01 0.000000e+00 6.236000e+00 1.421000e-15 0.000000e+00 0.000000e+00 1.559000e+01
-1.476245e+02 1.552000e+01 -3.272000e+00 -1.403000e+00 0.000000e+00 1.330000e+01 -1.587000e+00 0.000000e+00 0.000000e+00 6.232000e+00
-1.476184e+02 9.911000e+00 7.695000e-16 -2.375000e+00 0.000000e+00 7.217000e+00 1.405000e-15 0.000000e+00 0.000000e+00 1.825000e+01
-1.476034e+02 1.484000e+01 5.570000e+00 -1.095000e+01 0.000000e+00 1.390000e+01 -1.015000e+00 0.000000e+00 0.000000e+00 6.234000e+00
-1.475950e+02 6.869000e+00 -3.732000e+00 -7.051000e+00 0.000000e+00 5.431000e+00 -3.084000e+00 0.000000e+00 0.000000e+00 1.723000e+01
-1.475900e+02 8.875000e+00 2.196000e-01 -7.230000e+00 0.000000e+00 6.237000e+00 1.219000e-01 0.000000e+00 0.000000e+00 2.327000e+01
-1.475631e+02 1.499000e+01 -3.434000e+00 1.624000e+01 0.000000e+00 3.458000e+00 5.204000e+00 0.000000e+00 0.000000e+00 2.462000e+01
-1.475595e+02 1.297000e+01 7.940000e-16 7.940000e-16 0.000000e+00 6.239000e+00 1.391000e-15 0.000000e+00 0.000000e+00 3.186000e+01
-1.474759e+02 6.221000e+00 -4.033000e-01 3.817000e-16 0.000000e+00 1.590000e+01 4.356000e-15 0.000000e+00 0.000000e+00 1.296000e+01
-1.474709e+02 3.249000e+01 2.845000e-15 1.990000e-15 0.000000e+00 5.859000e+00 -2.140000e+00 0.000000e+00 0.000000e+00 1.369000e+01
-1.474328e+02 9.139000e+00 1.791000e-15 -1.320000e+01 0.000000e+00 6.239000e+00 9.784000e-16 0.000000e+00 0.000000e+00 2.265000e+01
-1.474269e+02 1.804000e+01 1.327000e-15 -3.332000e+00 0.000000e+00 6.239000e+00 9.670000e-16 0.000000e+00 0.000000e+00 2.292000e+01
-1.473962e+02 1.496000e+01 -8.791000e+00 2.585000e+00 0.000000e+00 5.949000e+00 1.916000e+00 0.000000e+00 0.000000e+00 1.435000e+01
-1.473843e+02 8.782000e+00 4.506000e-01 1.287000e+01 0.000000e+00 8.728000e+00 1.123000e+01 0.000000e+00 0.000000e+00 1.227000e+01
-1.473833e+02 9.015000e+00 6.625000e-16 -1.654000e+00 0.000000e+00 6.237000e+00 9.679000e-16 0.000000e+00 0.000000e+00 2.289000e+01
-1.473709e+02 1.783000e+01 9.230000e-16 3.011000e+00 0.000000e+00 6.239000e+00 9.620000e-16 0.000000e+00 0.000000e+00 2.304000e+01
-1.473595e+02 1.471000e+01 -3.488000e+00 -1.171000e+00 0.000000e+00 6.177000e+00 9.295000e-01 0.000000e+00 0.000000e+00 1.416000e+01
-1.473335e+02 3.766000e+00 1.179000e+00 -4.844000e+00 0.000000e+00 1.575000e+01 2.115000e+00 0.000000e+00 0.000000e+00 2.154000e+01
-1.473119e+02 9.030000e+00 6.574000e-16 -1.570000e+00 0.000000e+00 6.231000e+00 9.668000e-16 0.000000e+00 0.000000e+00 2.290000e+01
-1.472730e+02 1.284000e+01 1.054000e-15 -3.814000e+00 0.000000e+00 1.608000e+01 4.576000e-15 0.000000e+00 0.000000e+00 6.243000e+00
-1.472693e+02 1.371000e+01 7.981000e+00 4.562000e+00 0.000000e+00 6.046000e+00 -1.558000e+00 0.000000e+00 0.000000e+00 1.553000e+01
-1.472646e+02 1.288000e+01 9.807000e-16 -2.829000e+00 0.000000e+00 1.601000e+01 4.557000e-15 0.000000e+00 0.000000e+00 6.240000e+00
-1.472430e+02 7.720000e+00 8.484000e-16 -4.777000e+00 0.000000e+00 6.237000e+00 1.655000e-15 0.000000e+00 0.000000e+00 2.678000e+01
-1.472302e+02 5.118000e+01 2.360000e-15 3.134000e-15 0.000000e+00 6.012000e+00 1.728000e+00 0.000000e+00 0.000000e+00 8.399000e+00
-1.472218e+02 5.125000e+01 4.171000e-15 3.138000e-15 0.000000e+00 6.010000e+00 -1.733000e+00 0.000000e+00 0.000000e+00 8.390000e+00
-1.472191e+02 7.065000e+00 -2.977000e-01 2.544000e+01 0.000000e+00 6.214000e+00 4.769000e-01 0.000000e+00 0.000000e+00 2.924000e+01
-1.472133e+02 1.608000e+01 1.184000e-15 9.849000e-16 0.000000e+00 1.285000e+01 -2.382000e+00 0.000000e+00 0.000000e+00 6.242000e+00
-1.472035e+02 1.285000e+01 8.630000e-16 -1.191000e+00 0.000000e+00 6.235000e+00 1.382000e-15 0.000000e+00 0.000000e+00 1.603000e+01
-1.471544e+02 6.476000e+00 2.552000e+00 -7.702000e+00 0.000000e+00 1.594000e+01 9.504000e-01 0.000000e+00 0.000000e+00 6.239000e+00
-1.471222e+02 8.499000e+00 2.281000e-02 2.150000e+01 0.000000e+00 6.965000e+00 2.085000e+01 0.000000e+00 0.000000e+00 1.594000e+01
-1.471131e+02 7.268000e+00 3.768000e-17 4.261000e+01 0.000000e+00 6.241000e+00 1.559000e-15 0.000000e+00 0.000000e+00 5.689000e+01
-1.471060e+02 4.881000e+00 -9.994000e-01 6.017000e+00 0.000000e+00 6.233000e+00 1.390000e-01 0.000000e+00 0.000000e+00 2.112000e+01
-1.470772e+02 6.504000e+00 2.100000e-16 4.454000e+00 0.000000e+00 6.235000e+00 1.394000e-15 0.000000e+00 0.000000e+00 3.178000e+01
-1.470501e+02 1.585000e+01 8.643000e-01 -1.468000e+01 0.000000e+00 6.170000e+00 -9.761000e-01 0.000000e+00 0.000000e+00 1.313000e+01
-1.470456e+02 1.502000e+01 -3.049000e+00 -4.294000e+00 0.000000e+00 5.876000e+00 -2.088000e+00 0.000000e+00 0.000000e+00 1.458000e+01
-1.470367e+02 9.799000e+00 7.395000e-16 6.000000e-16 0.000000e+00 4.238000e+01 -8.921000e+00 0.000000e+00 0.000000e+00 6.239000e+00
-1.470288e+02 1.342000e+01 -5.967000e+00 -1.518000e+01 0.000000e+00 2.358000e+01 -9.789000e-02 0.000000e+00 0.000000e+00 6.234000e+00
-1.470274e+02 3.213000e+01 1.967000e-15 1.967000e-15 0.000000e+00 6.239000e+00 1.703000e-15 0.000000e+00 0.000000e+00 1.302000e+01
-1.470267e+02 2.838000e+01 1.747000e-15 -1.505000e-01 0.000000e+00 7.279000e+00 2.075000e-15 0.000000e+00 0.000000e+00 6.230000e+00
-1.470073e+02 5.301000e+00 5.847000e-16 -3.303000e+00 0.000000e+00 3.209000e+01 7.536000e-15 0.000000e+00 0.000000e+00 7.564000e+00
-1.469765e+02 1.323000e+01 7.523000e-16 9.830000e-01 0.000000e+00 6.239000e+00 1.421000e-15 0.000000e+00 0.000000e+00 1.560000e+01
-1.469757e+02 1.261000e+01 5.429000e-16 4.537000e+00 0.000000e+00 5.794000e+00 1.184000e-15 0.000000e+00 0.000000e+00 1.739000e+01
-1.469549e+02 3.177000e+00 2.392000e-15 -1.940000e+01 0.000000e+00 6.241000e+00 1.364000e-15 0.000000e+00 0.000000e+00 6.500000e+01
-1.469417e+02 1.314000e+01 8.739000e-16 -1.088000e+00 0.000000e+00 6.237000e+00 1.411000e-15 0.000000e+00 0.000000e+00 1.571000e+01
-1.469219e+02 9.552000e+00 6.224000e+00 -2.803000e+00 0.000000e+00 1.087000e+01 7.835000e+00 0.000000e+00 0.000000e+00 6.043000e+00
-1.469141e+02 1.041000e+01 9.297000e-01 2.752000e-01 0.000000e+00 6.237000e+00 3.625000e-03 0.000000e+00 0.000000e+00 1.985000e+01
-1.469137e+02 9.920000e+00 1.954000e+00 7.988000e-02 0.000000e+00 5.961000e+00 1.851000e+00 0.000000e+00 0.000000e+00 2.181000e+01
-1.468868e+02 1.251000e+01 3.654000e-16 1.012000e+01 0.000000e+00 6.244000e+00 1.337000e-15 0.000000e+00 0.000000e+00 1.659000e+01
-1.467977e+02 1.588000e+01 1.061000e-15 -1.390000e+00 0.000000e+00 1.296000e+01 3.687000e-15 0.000000e+00 0.000000e+00 6.241000e+00
-1.467880e+02 1.297000e+01 6.191000e-16 3.267000e+00 0.000000e+00 2.090000e+01 3.980000e-15 0.000000e+00 0.000000e+00 4.664000e+00
-1.467574e+02 3.254000e+00 6.408000e+00 -3.638000e+01 0.000000e+00 8.590000e+00 1.195000e+01 0.000000e+00 0.000000e+00 2.226000e+01
-1.466980e+02 5.633000e+00 -1.685000e+00 4.732000e+00 0.000000e+00 1.649000e+01 1.090000e+00 0.000000e+00 0.000000e+00 6.856000e+00
-1.466948e+02 3.333000e+00 5.904000e-17 5.280000e+00 0.000000e+00 3.187000e+01 9.286000e-15 0.000000e+00 0.000000e+00 2.439000e+01
-1.466657e+02 5.939000e+00 2.644000e-16 1.926000e+00 0.000000e+00 1.604000e+01 4.212000e-15 0.000000e+00 0.000000e+00 1.353000e+01
-1.466540e+02 1.305000e+01 7.303000e-16 7.989000e-16 0.000000e+00 1.586000e+01 1.426000e+00 0.000000e+00 0.000000e+00 6.234000e+00
-1.466392e+02 2.607000e+01 1.810000e-15 -3.290000e+00 0.000000e+00 6.242000e+00 1.391000e-15 0.000000e+00 0.000000e+00 3.188000e+01
-1.466053e+02 5.250000e+00 4.666000e+00 1.876000e+00 0.000000e+00 9.857000e+00 -7.956000e+00 0.000000e+00 0.000000e+00 6.237000e+00
-1.465605e+02 1.335000e+01 4.369000e-16 8.920000e+00 0.000000e+00 6.239000e+00 1.425000e-15 0.000000e+00 0.000000e+00 1.555000e+01
-1.465167e+02 1.372000e+01 1.293000e-15 -6.099000e+00 0.000000e+00 6.235000e+00 1.465000e-15 0.000000e+00 0.000000e+00 3.023000e+01
-1.465021e+02 5.709000e+00 5.383000e-16 -2.542000e+00 0.000000e+00 2.633000e+01 5.380000e-15 0.000000e+00 0.000000e+00 1.739000e+01
-1.464807e+02 1.289000e+01 1.574000e-15 -9.619000e+00 0.000000e+00 6.236000e+00 1.375000e-15 0.000000e+00 0.000000e+00 1.612000e+01
-1.464451e+02 5.180000e+00 1.369000e-16 4.883000e+00 0.000000e+00 1.026000e+01 2.951000e-15 0.000000e+00 0.000000e+00 2.472000e+01
-1.464071e+02 1.129000e+01 2.838000e-16 1.142000e+01 0.000000e+00 6.240000e+00 1.207000e-15 0.000000e+00 0.000000e+00 1.837000e+01
-1.463956e+02 5.297000e+00 5.853000e-16 -3.312000e+00 0.000000e+00 3.188000e+01 7.448000e-15 0.000000e+00 0.000000e+00 7.604000e+00
-1.463786e+02 1.357000e+01 4.974000e+00 -1.331000e+01 0.000000e+00 1.387000e+01 -9.092000e-01 0.000000e+00 0.000000e+00 1.338000e+01
-1.463359e+02 6.023000e+00 -1.041000e+00 -3.735000e+00 0.000000e+00 6.103000e+00 1.297000e+00 0.000000e+00 0.000000e+00 3.489000e+01
-1.463113e+02 1.299000e+01 7.956000e-16 7.956000e-16 0.000000e+00 6.240000e+00 1.403000e-15 0.000000e+00 0.000000e+00 3.159000e+01
-1.463056e+02 2.606000e+01 1.481000e-15 1.937000e+00 0.000000e+00 6.237000e+00 1.395000e-15 0.000000e+00 0.000000e+00 1.589000e+01
-1.462917e+02 1.342000e+01 5.090000e-16 6.674000e+00 0.000000e+00 6.241000e+00 1.433000e-15 0.000000e+00 0.000000e+00 1.547000e+01
-1.462331e+02 7.473000e+00 2.424000e+00 2.313000e+00 0.000000e+00 5.428000e+00 3.061000e+00 0.000000e+00 0.000000e+00 3.184000e+01
-1.462179e+02 9.500000e+00 2.496000e+00 -2.882000e+01 0.000000e+00 1.342000e+01 3.770000e+00 0.000000e+00 0.000000e+00 1.972000e+01
-1.461820e+02 3.168000e+01 2.164000e-15 -3.469000e+00 0.000000e+00 6.532000e+00 1.862000e-15 0.000000e+00 0.000000e+00 1.246000e+01
-1.461740e+02 1.059000e+01 -3.700000e+00 5.281000e-01 0.000000e+00 6.232000e+00 1.538000e-01 0.000000e+00 0.000000e+00 1.962000e+01
-1.461682e+02 9.600000e+00 8.497000e-16 -3.617000e+00 0.000000e+00 6.237000e+00 1.023000e-15 0.000000e+00 0.000000e+00 2.166000e+01
-1.461349e+02 1.289000e+01 1.285000e-15 -6.536000e+00 0.000000e+00 6.239000e+00 1.372000e-15 0.000000e+00 0.000000e+00 1.616000e+01
-1.461006e+02 5.903000e+00 1.328000e+00 -1.526000e+00 0.000000e+00 1.546000e+01 1.268000e+00 0.000000e+00 0.000000e+00 7.023000e+00
-1.460845e+02 1.516000e+01 2.476000e+00 1.109000e+01 0.000000e+00 6.023000e+00 -1.639000e+00 0.000000e+00 0.000000e+00 7.029000e+00
-1.460028e+02 9.653000e+00 1.572000e-16 1.686000e+01 0.000000e+00 6.239000e+00 1.034000e-15 0.000000e+00 0.000000e+00 4.288000e+01
-1.459977e+02 3.157000e+00 -6.191000e-01 4.419000e+00 0.000000e+00 8.590000e+00 -6.542000e+00 0.000000e+00 0.000000e+00 2.296000e+01
-1.459584e+02 8.022000e+00 -3.778000e-01 -4.137000e+01 0.000000e+00 1.338000e+01 -2.385000e+01 0.000000e+00 0.000000e+00 5.866000e+00
-1.459555e+02 1.009000e+01 1.781000e-15 -1.279000e+01 0.000000e+00 5.837000e+00 9.591000e-16 0.000000e+00 0.000000e+00 2.162000e+01
-1.459481e+02 1.898000e+01 3.521000e-15 -2.562000e+01 0.000000e+00 6.238000e+00 1.008000e-15 0.000000e+00 0.000000e+00 2.198000e+01
-1.458850e+02 9.034000e+00 -3.455000e-01 3.491000e+00 0.000000e+00 1.047000e+01 -5.354000e+00 0.000000e+00 0.000000e+00 1.014000e+01
-1.458492e+02 6.238000e+00 1.815000e-16 3.820000e-16 0.000000e+00 4.916000e+01 4.005000e+01 0.000000e+00 0.000000e+00 1.675000e+01
-1.458281e+02 7.852000e+00 5.186000e-16 -5.944000e-01 0.000000e+00 6.233000e+00 1.674000e-15 0.000000e+00 0.000000e+00 2.645000e+01
-1.457986e+02 1.491000e+01 1.348000e-15 -5.959000e+00 0.000000e+00 6.241000e+00 1.591000e-15 0.000000e+00 0.000000e+00 1.394000e+01
-1.457848e+02 2.274000e+01 1.186000e-15 3.663000e+00 0.000000e+00 6.241000e+00 1.214000e-15 0.000000e+00 0.000000e+00 1.826000e+01
-1.457681e+02 1.338000e+01 8.512000e-16 -5.074000e-01 0.000000e+00 1.114000e+01 2.313000e-15 0.000000e+00 0.000000e+00 1.711000e+01
-1.457538e+02 6.088000e+00 4.630000e-16 -1.329000e+00 0.000000e+00 1.452000e+01 3.479000e-15 0.000000e+00 0.000000e+00 2.965000e+01
-1.457500e+02 1.425000e+01 2.317000e+00 8.376000e-02 0.000000e+00 6.572000e+00 -2.179000e+00 0.000000e+00 0.000000e+00 1.340000e+01
-1.457366e+02 1.493000e+01 1.005000e-15 -1.417000e+00 0.000000e+00 6.234000e+00 1.592000e-15 0.000000e+00 0.000000e+00 1.391000e+01
-1.457139e+02 1.537000e+01 1.731000e-15 -9.956000e+00 0.000000e+00 6.236000e+00 1.637000e-15 0.000000e+00 0.000000e+00 2.706000e+01
-1.456767e+02 1.502000e+01 1.052000e-15 -2.021000e+00 0.000000e+00 6.240000e+00 1.617000e-15 0.000000e+00 0.000000e+00 1.371000e+01
-1.455973e+02 3.305000e+01 1.607000e+01 -6.345000e+00 0.000000e+00 9.125000e+00 -1.412000e+00 0.000000e+00 0.000000e+00 8.372000e+00
-1.455749e+02 5.176000e+00 4.062000e-01 -4.862000e+00 0.000000e+00 1.022000e+01 8.735000e-01 0.000000e+00 0.000000e+00 2.493000e+01
-1.455628e+02 3.284000e+00 3.596000e-16 -2.019000e+00 0.000000e+00 3.056000e+01 8.687000e-15 0.000000e+00 0.000000e+00 6.250000e+00
-1.455159e+02 1.087000e+01 2.242000e+00 5.877000e+00 0.000000e+00 1.001000e+01 -7.294000e-01 0.000000e+00 0.000000e+00 5.790000e+00
-1.455143e+02 8.739000e+00 5.480000e-16 -2.084000e-01 0.000000e+00 7.890000e+00 1.535000e-15 0.000000e+00 0.000000e+00 1.826000e+01
-1.455031e+02 8.484000e+00 1.940000e+00 -4.673000e+00 0.000000e+00 9.514000e+00 -1.093000e-01 0.000000e+00 0.000000e+00 1.188000e+01
-1.454922e+02 8.241000e+00 -4.035000e+00 1.296000e+00 0.000000e+00 9.062000e+00 -3.758000e+00 0.000000e+00 0.000000e+00 8.446000e+00
-1.454881e+02 5.351000e+00 1.539000e-16 4.438000e+00 0.000000e+00 6.234000e+00 1.142000e-15 0.000000e+00 0.000000e+00 3.877000e+01
-1.454873e+02 1.305000e+01 8.595000e-16 7.993000e-16 0.000000e+00 6.222000e+00 -4.517000e-01 0.000000e+00 0.000000e+00 1.590000e+01
-1.454808e+02 1.111000e+01 9.210000e+00 -6.560000e+00 0.000000e+00 8.445000e+00 1.127000e+01 0.000000e+00 0.000000e+00 1.339000e+01
-1.454730e+02 1.014000e+01 3.419000e-16 6.421000e+00 0.000000e+00 6.240000e+00 1.078000e-15 0.000000e+00 0.000000e+00 2.057000e+01
-1.454344e+02 5.146000e+01 9.367000e+00 3.203000e-15 0.000000e+00 6.238000e+00 1.360000e-15 0.000000e+00 0.000000e+00 8.147000e+00
-1.453950e+02 2.266000e+01 1.627000e-15 -3.630000e+00 0.000000e+00 6.237000e+00 1.207000e-15 0.000000e+00 0.000000e+00 1.836000e+01
-1.453885e+02 1.473000e+01 5.462000e-16 7.698000e+00 0.000000e+00 6.239000e+00 1.567000e-15 0.000000e+00 0.000000e+00 1.415000e+01
-1.453854e+02 1.282000e+01 6.573000e+00 -6.555000e+00 0.000000e+00 7.290000e+00 3.808000e+00 0.000000e+00 0.000000e+00 1.341000e+01
-1.453763e+02 1.500000e+01 1.545000e-15 -8.158000e+00 0.000000e+00 6.242000e+00 1.603000e-15 0.000000e+00 0.000000e+00 1.384000e+01
-1.453659e+02 1.576000e+01 1.370000e-15 -5.639000e+00 0.000000e+00 6.239000e+00 1.701000e-15 0.000000e+00 0.000000e+00 1.303000e+01
-1.453383e+02 1.330000e+01 1.533000e+00 -2.883000e-02 0.000000e+00 1.311000e+01 4.942000e+00 0.000000e+00 0.000000e+00 1.446000e+01
-1.453383e+02 2.400000e+01 1.279000e-15 3.353000e+00 0.000000e+00 6.244000e+00 1.285000e-15 0.000000e+00 0.000000e+00 1.726000e+01
-1.452594e+02 1.396000e+01 1.976000e-16 2.858000e+01 0.000000e+00 6.245000e+00 1.494000e-15 0.000000e+00 0.000000e+00 2.971000e+01
-1.452428e+02 3.187000e+01 1.969000e-15 1.952000e-15 0.000000e+00 2.619000e+01 -2.365000e-01 0.000000e+00 0.000000e+00 6.237000e+00
-1.452033e+02 5.410000e+00 -3.124000e+00 3.825000e-16 0.000000e+00 6.247000e+00 1.526000e-15 0.000000e+00 0.000000e+00 5.817000e+01
-1.451963e+02 3.185000e+01 1.264000e-15 1.950000e-15 0.000000e+00 2.609000e+01 1.168000e+01 0.000000e+00 0.000000e+00 6.241000e+00
-1.451825e+02 1.337000e+01 8.104000e-16 1.358000e-01 0.000000e+00 6.547000e+00 1.611000e-15 0.000000e+00 0.000000e+00 1.444000e+01
-1.451739e+02 1.303000e+01 -6.600000e-02 -2.163000e+00 0.000000e+00 1.589000e+01 1.263000e+00 0.000000e+00 0.000000e+00 1.249000e+01
-1.451694e+02 1.361000e+01 4.869000e+00 2.013000e+01 0.000000e+00 1.382000e+01 -6.880000e+00 0.000000e+00 0.000000e+00 1.339000e+01
-1.451641e+02 7.277000e+00 4.334000e+00 9.152000e+00 0.000000e+00 1.492000e+01 -5.710000e+00 0.000000e+00 0.000000e+00 1.163000e+01
-1.451465e+02 3.481000e+00 1.279000e-15 -1.016000e+01 0.000000e+00 2.749000e+01 7.359000e-15 0.000000e+00 0.000000e+00 1.327000e+01
-1.451262e+02 3.460000e+00 3.297000e-16 -1.581000e+00 0.000000e+00 1.507000e+01 2.241000e-15 0.000000e+00 0.000000e+00 2.389000e+01
-1.451105e+02 1.284000e+01 -6.531000e+00 6.549000e+00 0.000000e+00 7.299000e+00 -3.182000e+00 0.000000e+00 0.000000e+00 1.340000e+01
-1.451031e+02 1.726000e+01 1.300000e-15 -3.604000e+00 0.000000e+00 6.246000e+00 1.844000e-15 0.000000e+00 0.000000e+00 1.203000e+01
-1.450734e+02 1.411000e+01 2.991000e+00 -1.330000e+01 0.000000e+00 6.613000e+00 -3.577000e+00 0.000000e+00 0.000000e+00 1.342000e+01
-1.450710e+02 1.411000e+01 2.875000e+00 -6.568000e+00 0.000000e+00 6.606000e+00 -3.634000e+00 0.000000e+00 0.000000e+00 1.342000e+01
-1.450639e+02 3.168000e+01 2.153000e-15 -3.318000e+00 0.000000e+00 6.535000e+00 1.863000e-15 0.000000e+00 0.000000e+00 1.246000e+01
-1.450335e+02 5.155000e+01 1.789000e-15 3.157000e-15 0.000000e+00 4.053000e+00 2.427000e+00 0.000000e+00 0.000000e+00 6.240000e+00
-1.449950e+02 2.973000e+01 1.631000e-15 3.275000e+00 0.000000e+00 6.237000e+00 1.592000e-15 0.000000e+00 0.000000e+00 1.392000e+01
-1.449798e+02 8.265000e+00 8.828000e+00 -5.719000e+00 0.000000e+00 9.569000e+00 -3.312000e-01 0.000000e+00 0.000000e+00 1.596000e+01
-1.449526e+02 4.871000e+00 -4.589000e+00 -9.776000e+00 0.000000e+00 6.477000e+00 -1.445000e+01 0.000000e+00 0.000000e+00 1.998000e+01
-1.449359e+02 8.049000e+00 5.353000e-16 -6.651000e-01 0.000000e+00 6.240000e+00 1.713000e-15 0.000000e+00 0.000000e+00 2.588000e+01
-1.449148e+02 9.519000e+00 1.171000e-15 -7.197000e+00 0.000000e+00 6.239000e+00 1.007000e-15 0.000000e+00 0.000000e+00 1.100000e+01
-1.449099e+02 7.358000e+00 1.043000e+00 -2.123000e+00 0.000000e+00 6.446000e+00 1.957000e+00 0.000000e+00 0.000000e+00 1.328000e+01
-1.449009e+02 6.242000e+00 3.291000e-16 3.822000e-16 0.000000e+00 2.619000e+01 3.936000e+00 0.000000e+00 0.000000e+00 3.186000e+01
-1.448599e+02 1.122000e+01 6.459000e-16 6.875000e-01 0.000000e+00 1.338000e+01 2.815000e-15 0.000000e+00 0.000000e+00 8.443000e+00
-1.448589e+02 1.075000e+01 7.859000e-16 -1.917000e+00 0.000000e+00 1.985000e+01 5.841000e-15 0.000000e+00 0.000000e+00 6.037000e+00
-1.448004e+02 1.300000e+01 -6.301000e+00 -6.787000e+00 0.000000e+00 1.439000e+01 -1.397000e+00 0.000000e+00 0.000000e+00 1.339000e+01
-1.447969e+02 1.400000e+01 5.409000e-01 -7.270000e-01 0.000000e+00 1.154000e+01 2.939000e+00 0.000000e+00 0.000000e+00 3.846000e+00
-1.447915e+02 9.421000e+00 4.608000e+00 8.308000e+00 0.000000e+00 1.264000e+01 -7.010000e+00 0.000000e+00 0.000000e+00 1.063000e+01
-1.447714e+02 9.842000e+00 6.026000e-16 6.026000e-16 0.000000e+00 1.941000e+01 5.145000e-15 0.000000e+00 0.000000e+00 1.340000e+01
-1.447657e+02 6.873000e+00 1.494000e-16 8.465000e+00 0.000000e+00 6.238000e+00 1.458000e-15 0.000000e+00 0.000000e+00 3.040000e+01
-1.447573e+02 6.242000e+00 3.822000e-16 3.822000e-16 0.000000e+00 5.122000e+01 1.114000e-14 0.000000e+00 0.000000e+00 8.168000e+00
-1.447453e+02 1.140000e+01 5.973000e-16 1.784000e+00 0.000000e+00 6.239000e+00 1.210000e-15 0.000000e+00 0.000000e+00 1.832000e+01
-1.447447e+02 1.514000e+01 8.076000e-16 2.098000e+00 0.000000e+00 6.236000e+00 1.620000e-15 0.000000e+00 0.000000e+00 1.368000e+01
-1.447353e+02 1.165000e+01 8.500000e+00 2.021000e+01 0.000000e+00 8.081000e+00 1.934000e+00 0.000000e+00 0.000000e+00 1.339000e+01
-1.447257e+02 4.041000e+00 1.573000e-16 1.893000e+00 0.000000e+00 7.873000e+00 1.409000e-15 0.000000e+00 0.000000e+00 1.985000e+01
-1.447131e+02 1.311000e+01 -3.673000e+00 8.336000e-16 0.000000e+00 6.238000e+00 1.403000e-15 0.000000e+00 0.000000e+00 3.160000e+01
-1.447125e+02 5.434000e+00 -4.579000e+00 -1.871000e+00 0.000000e+00 1.636000e+01 1.111000e+01 0.000000e+00 0.000000e+00 1.073000e+01
-1.447077e+02 2.613000e+01 8.353000e-16 1.821000e+01 0.000000e+00 6.243000e+00 1.390000e-15 0.000000e+00 0.000000e+00 1.595000e+01
-1.446890e+02 4.292000e+00 1.047000e-16 4.531000e+00 0.000000e+00 3.185000e+01 5.949000e-15 0.000000e+00 0.000000e+00 1.902000e+01
-1.446781e+02 3.632000e+00 3.422000e+00 -3.535000e+00 0.000000e+00 9.308000e+00 -1.294000e+01 0.000000e+00 0.000000e+00 1.859000e+01
-1.446533e+02 1.336000e+01 1.247000e+00 -1.026000e+00 0.000000e+00 9.777000e+00 -5.165000e-01 0.000000e+00 0.000000e+00 9.659000e+00
-1.446292e+02 3.162000e+01 2.717000e-15 1.936000e-15 0.000000e+00 1.304000e+01 -4.502000e+00 0.000000e+00 0.000000e+00 6.249000e+00
-1.445991e+02 4.922000e+00 4.726000e+00 -7.617000e-01 0.000000e+00 1.342000e+01 -8.307000e+00 0.000000e+00 0.000000e+00 9.656000e+00
-1.445904e+02 3.771000e+00 3.018000e-16 -1.022000e+00 0.000000e+00 3.050000e+01 4.995000e-15 0.000000e+00 0.000000e+00 1.085000e+01
-1.445649e+02 1.147000e+01 8.715000e+00 1.042000e-01 0.000000e+00 8.163000e+00 -3.419000e-01 0.000000e+00 0.000000e+00 1.341000e+01
-1.445312e+02 1.592000e+01 2.611000e-16 2.758000e+01 0.000000e+00 6.242000e+00 1.685000e-15 0.000000e+00 0.000000e+00 2.633000e+01
-1.445263e+02 2.366000e+01 3.273000e-15 -2.149000e+01 0.000000e+00 6.242000e+00 1.256000e-15 0.000000e+00 0.000000e+00 1.765000e+01
-1.445221e+02 2.675000e+01 1.638000e-15 1.638000e-15 0.000000e+00 1.244000e+01 2.861000e-15 0.000000e+00 0.000000e+00 7.723000e+00
-1.445215e+02 7.534000e+00 1.842000e-16 7.931000e+00 0.000000e+00 6.236000e+00 1.600000e-15 0.000000e+00 0.000000e+00 2.769000e+01
-1.445030e+02 1.295000e+01 3.455000e+00 -4.456000e+00 0.000000e+00 1.111000e+01 -5.641000e+00 0.000000e+00 0.000000e+00 8.779000e+00
-1.444958e+02 6.672000e+00 4.058000e-16 4.519000e-02 0.000000e+00 3.115000e+01 8.866000e-15 0.000000e+00 0.000000e+00 6.242000e+00
-1.444782e+02 4.223000e+00 -8.016000e-02 -1.018000e+01 0.000000e+00 9.647000e+00 -2.005000e+00 0.000000e+00 0.000000e+00 1.549000e+01
-1.444707e+02 1.607000e+01 9.711000e-16 2.152000e-01 0.000000e+00 6.242000e+00 1.713000e-15 0.000000e+00 0.000000e+00 1.295000e+01
-1.444521e+02 9.258000e+00 4.799000e-16 1.551000e+00 0.000000e+00 6.242000e+00 9.825000e-16 0.000000e+00 0.000000e+00 2.257000e+01
-1.444428e+02 1.537000e+01 7.882000e-16 2.740000e+00 0.000000e+00 6.241000e+00 1.649000e-15 0.000000e+00 0.000000e+00 1.345000e+01
-1.444368e+02 2.965000e+01 1.240000e-15 1.157000e+01 0.000000e+00 6.241000e+00 1.578000e-15 0.000000e+00 0.000000e+00 1.405000e+01
-1.444195e+02 1.039000e+01 5.537000e+00 1.487000e+01 0.000000e+00 4.361000e+00 -1.902000e+00 0.000000e+00 0.000000e+00 1.394000e+01
-1.444107e+02 6.854000e+00 4.709000e-16 -7.907000e-01 0.000000e+00 6.234000e+00 1.466000e-15 0.000000e+00 0.000000e+00 3.023000e+01
-1.443862e+02 9.462000e+00 -4.505000e+00 8.321000e+00 0.000000e+00 2.541000e+01 1.372000e+01 0.000000e+00 0.000000e+00 1.053000e+01
-1.443754e+02 3.011000e+00 3.925000e+00 -3.302000e+00 0.000000e+00 1.486000e+01 -2.221000e-01 0.000000e+00 0.000000e+00 1.419000e+01
-1.443727e+02 2.320000e+01 1.214000e-15 3.652000e+00 0.000000e+00 6.240000e+00 1.230000e-15 0.000000e+00 0.000000e+00 1.802000e+01
-1.443659e+02 6.418000e+00 -6.827000e+00 -3.106000e-01 0.000000e+00 1.489000e+01 5.912000e+00 0.000000e+00 0.000000e+00 1.339000e+01
-1.443577e+02 5.629000e+00 -3.115000e+00 2.739000e+00 0.000000e+00 1.141000e+01 -4.183000e+00 0.000000e+00 0.000000e+00 9.931000e+00
-1.443393e+02 1.446000e+01 6.976000e-16 8.853000e-16 0.000000e+00 1.310000e+01 3.152000e+00 0.000000e+00 0.000000e+00 1.337000e+01
-1.443312e+02 6.532000e+00 2.989000e-16 3.999000e-16 0.000000e+00 1.581000e+01 4.673000e+00 0.000000e+00 0.000000e+00 1.247000e+01
-1.443266e+02 1.027000e+01 4.919000e+00 1.127000e+01 0.000000e+00 8.292000e+00 4.542000e+00 0.000000e+00 0.000000e+00 1.502000e+01
-1.443088e+02 6.808000e+00 3.629000e-16 9.469000e-01 0.000000e+00 6.232000e+00 1.451000e-15 0.000000e+00 0.000000e+00 3.053000e+01
-1.442945e+02 1.570000e+01 1.848000e+00 -1.255000e+00 0.000000e+00 1.300000e+01 -4.085000e+00 0.000000e+00 0.000000e+00 1.244000e+01
-1.442684e+02 2.432000e+01 1.297000e-15 3.361000e+00 0.000000e+00 6.245000e+00 1.296000e-15 0.000000e+00 0.000000e+00 1.712000e+01
-1.442609e+02 1.526000e+01 5.201000e-16 9.456000e+00 0.000000e+00 6.234000e+00 1.622000e-15 0.000000e+00 0.000000e+00 2.731000e+01
-1.442542e+02 1.607000e+01 1.113000e-15 9.840000e-16 0.000000e+00 1.297000e+01 -1.603000e+00 0.000000e+00 0.000000e+00 1.250000e+01
-1.442443e+02 1.466000e+01 5.350000e+00 3.697000e+00 0.000000e+00 7.041000e+00 -1.061000e+00 0.000000e+00 0.000000e+00 1.246000e+01
-1.442369e+02 2.590000e+00 -2.031000e+00 -3.369000e+00 0.000000e+00 1.295000e+01 -3.343000e+00 0.000000e+00 0.000000e+00 1.905000e+01
-1.441978e+02 1.577000e+01 9.415000e-01 -1.481000e+00 0.000000e+00 6.567000e+00 -6.328000e+00 0.000000e+00 0.000000e+00 6.234000e+00
-1.441947e+02 1.521000e+01 5.452000e-16 8.543000e+00 0.000000e+00 6.243000e+00 1.624000e-15 0.000000e+00 0.000000e+00 1.366000e+01
-1.441912e+02 1.326000e+01 -5.680000e+00 1.910000e-01 0.000000e+00 7.073000e+00 7.279000e+00 0.000000e+00 0.000000e+00 1.337000e+01
-1.441825e+02 2.099000e+01 1.285000e-15 1.285000e-15 0.000000e+00 4.024000e+01 1.147000e-14 0.000000e+00 0.000000e+00 6.235000e+00
-1.441444e+02 1.168000e+01 8.828000e-16 -2.479000e+00 0.000000e+00 6.246000e+00 1.245000e-15 0.000000e+00 0.000000e+00 1.783000e+01
-1.440998e+02 5.983000e+00 2.725000e-16 1.797000e+00 0.000000e+00 5.085000e+00 8.317000e-16 0.000000e+00 0.000000e+00 2.172000e+01
-1.440590e+02 1.195000e+01 2.391000e+00 1.029000e+01 0.000000e+00 6.653000e+00 -1.536000e+00 0.000000e+00 0.000000e+00 1.586000e+01
-1.440569e+02 9.933000e+00 3.323000e+00 6.718000e+00 0.000000e+00 1.323000e+01 -3.951000e+00 0.000000e+00 0.000000e+00 4.825000e+00
-1.440338e+02 3.185000e+01 1.950000e-15 1.950000e-15 0.000000e+00 2.628000e+01 7.489000e-15 0.000000e+00 0.000000e+00 6.235000e+00
-1.440262e+02 1.023000e+01 6.514000e+00 1.024000e+01 0.000000e+00 7.736000e+00 1.899000e+00 0.000000e+00 0.000000e+00 1.594000e+01
-1.440245e+02 7.882000e+00 7.483000e-16 -3.569000e+00 0.000000e+00 7.885000e+00 1.379000e-15 0.000000e+00 0.000000e+00 2.032000e+01
-1.440179e+02 1.254000e+01 -9.608000e+00 -1.332000e+00 0.000000e+00 8.102000e+00 2.511000e+00 0.000000e+00 0.000000e+00 1.248000e+01
-1.440104e+02 5.382000e+00 6.995000e-16 -4.444000e+00 0.000000e+00 6.240000e+00 1.148000e-15 0.000000e+00 0.000000e+00 3.864000e+01
-1.440083e+02 6.449000e+00 -1.393000e+00 1.103000e+01 0.000000e+00 7.691000e+00 -1.952000e+00 0.000000e+00 0.000000e+00 1.291000e+01
-1.440069e+02 4.672000e+00 1.288000e-16 4.137000e+00 0.000000e+00 1.322000e+01 2.223000e-15 0.000000e+00 0.000000e+00 2.113000e+01
-1.440040e+02 4.957000e+00 -1.138000e+00 -2.184000e-01 0.000000e+00 4.743000e+00 1.689000e+00 0.000000e+00 0.000000e+00 4.034000e+01
-1.439979e+02 1.340000e+01 8.203000e-16 8.203000e-16 0.000000e+00 1.964000e+01 3.578000e-15 0.000000e+00 0.000000e+00 9.751000e+00
-1.439815e+02 1.315000e+01 5.913000e+00 -6.894000e+00 0.000000e+00 7.100000e+00 1.152000e+00 0.000000e+00 0.000000e+00 1.340000e+01
-1.439446e+02 9.486000e+00 -2.399000e+00 -6.498000e+00 0.000000e+00 2.207000e+01 -6.584000e+00 0.000000e+00 0.000000e+00 6.055000e+00
-1.439405e+02 7.321000e+00 2.590000e-16 4.220000e+00 0.000000e+00 5.236000e+00 1.152000e-15 0.000000e+00 0.000000e+00 3.231000e+01
-1.439128e+02 1.214000e+01 6.537000e+00 1.352000e+00 0.000000e+00 1.107000e+01 2.681000e+00 0.000000e+00 0.000000e+00 4.694000e+00
-1.438891e+02 5.986000e+00 5.340000e-17 2.011000e+01 0.000000e+00 5.049000e+00 8.195000e-16 0.000000e+00 0.000000e+00 2.189000e+01
-1.437652e+02 5.240000e+00 2.555000e+00 6.534000e+00 0.000000e+00 1.518000e+01 -4.719000e+00 0.000000e+00 0.000000e+00 1.588000e+01
-1.437538e+02 7.884000e+00 4.828000e-16 4.828000e-16 0.000000e+00 1.294000e+01 3.689000e-15 0.000000e+00 0.000000e+00 2.493000e+01
-1.437151e+02 8.078000e+00 8.560000e+00 1.458000e+01 0.000000e+00 6.824000e+00 1.205000e+01 0.000000e+00 0.000000e+00 1.759000e+01
-1.436886e+02 2.157000e+01 3.111000e-15 -2.083000e+01 0.000000e+00 6.240000e+00 1.141000e-15 0.000000e+00 0.000000e+00 1.944000e+01
-1.436627e+02 6.237000e+00 3.819000e-16 3.819000e-16 0.000000e+00 3.200000e+01 8.674000e-15 0.000000e+00 0.000000e+00 1.311000e+01
-1.436576e+02 2.253000e+01 7.465000e-16 1.472000e+01 0.000000e+00 6.241000e+00 1.190000e-15 0.000000e+00 0.000000e+00 9.318000e+00
-1.436253e+02 1.283000e+01 1.687000e+00 5.440000e+00 0.000000e+00 1.485000e+01 5.982000e+00 0.000000e+00 0.000000e+00 1.341000e+01
-1.435902e+02 1.294000e+01 -9.156000e+00 -1.176000e+00 0.000000e+00 7.891000e+00 -3.597000e+00 0.000000e+00 0.000000e+00 1.247000e+01
-1.435676e+02 3.175000e+01 1.307000e-15 1.293000e+01 0.000000e+00 6.237000e+00 1.679000e-15 0.000000e+00 0.000000e+00 1.320000e+01
-1.435597e+02 1.240000e+01 6.884000e-16 1.219000e+00 0.000000e+00 6.651000e+00 1.540000e-15 0.000000e+00 0.000000e+00 3.068000e+01
-1.435550e+02 2.489000e+01 1.524000e-15 1.524000e-15 0.000000e+00 1.297000e+01 2.923000e-15 0.000000e+00 0.000000e+00 7.882000e+00
-1.435345e+02 7.006000e+00 2.580000e-16 3.717000e+00 0.000000e+00 2.478000e+01 5.975000e-15 0.000000e+00 0.000000e+00 7.366000e+00
-1.434848e+02 3.509000e+01 2.148000e-15 2.148000e-15 0.000000e+00 4.597000e+00 1.035000e-15 0.000000e+00 0.000000e+00 7.893000e+00
-1.434661e+02 1.370000e+01 1.019000e+01 -3.522000e+00 0.000000e+00 1.188000e+01 -6.151000e+00 0.000000e+00 0.000000e+00 1.578000e+01
-1.434463e+02 6.499000e+00 -5.589000e+00 2.424000e+00 0.000000e+00 7.894000e+00 2.607000e-02 0.000000e+00 0.000000e+00 2.486000e+01
-1.434448e+02 6.568000e+00 3.991000e-16 4.022000e-16 0.000000e+00 1.338000e+01 1.020000e-01 0.000000e+00 0.000000e+00 2.884000e+01
-1.434366e+02 4.655000e+00 -3.176000e+00 2.016000e+01 0.000000e+00 7.848000e+00 5.458000e+00 0.000000e+00 0.000000e+00 3.501000e+01
-1.434279e+02 6.237000e+00 3.819000e-16 3.819000e-16 0.000000e+00 3.164000e+01 8.557000e-15 0.000000e+00 0.000000e+00 1.314000e+01
-1.434192e+02 1.322000e+01 7.202000e-16 8.097000e-16 0.000000e+00 6.197000e+00 7.278000e-01 0.000000e+00 0.000000e+00 1.596000e+01
-1.434028e+02 5.252000e+01 3.216000e-15 3.216000e-15 0.000000e+00 6.235000e+00 1.372000e-15 0.000000e+00 0.000000e+00 8.071000e+00
-1.433965e+02 5.001000e+00 -2.080000e-02 -2.901000e+00 0.000000e+00 1.037000e+01 -2.628000e+00 0.000000e+00 0.000000e+00 1.238000e+01
-1.433854e+02 7.844000e+00 2.575000e-16 5.213000e+00 0.000000e+00 6.232000e+00 1.640000e-15 0.000000e+00 0.000000e+00 2.700000e+01
-1.432852e+02 1.578000e+01 1.195000e+00 -1.262000e+00 0.000000e+00 6.478000e+00 -3.992000e+00 0.000000e+00 0.000000e+00 1.247000e+01
-1.432668e+02 3.320000e+00 3.463000e-16 -1.853000e+00 0.000000e+00 1.519000e+01 4.344000e-15 0.000000e+00 0.000000e+00 2.485000e+01
-1.432659e+02 3.497000e+00 1.350000e-16 1.671000e+00 0.000000e+00 2.719000e+01 7.287000e-15 0.000000e+00 0.000000e+00 1.326000e+01
-1.432608e+02 8.252000e+00 1.006000e-15 -6.139000e+00 0.000000e+00 1.184000e+01 3.145000e-15 0.000000e+00 0.000000e+00 2.674000e+01
-1.432456e+02 1.016000e+01 1.259000e+00 1.227000e+00 0.000000e+00 1.508000e+01 4.923000e+00 0.000000e+00 0.000000e+00 8.326000e+00
-1.432453e+02 1.211000e+01 4.873000e-16 5.242000e+00 0.000000e+00 6.239000e+00 1.281000e-15 0.000000e+00 0.000000e+00 3.460000e+01
-1.432264e+02 5.316000e+00 6.645000e-16 -4.124000e+00 0.000000e+00 4.063000e+01 1.156000e-14 0.000000e+00 0.000000e+00 6.247000e+00
-1.431704e+02 6.237000e+00 3.819000e-16 3.819000e-16 0.000000e+00 1.317000e+01 2.962000e-15 0.000000e+00 0.000000e+00 3.160000e+01
-1.431682e+02 1.181000e+01 -3.851000e+00 -1.490000e+01 0.000000e+00 1.363000e+01 2.561000e+00 0.000000e+00 0.000000e+00 1.587000e+01
-1.431523e+02 3.180000e+01 2.348000e-15 -5.981000e+00 0.000000e+00 1.312000e+01 3.738000e-15 0.000000e+00 0.000000e+00 6.236000e+00
-1.431517e+02 1.084000e+01 5.143000e+00 9.539000e+00 0.000000e+00 1.314000e+01 2.637000e+00 0.000000e+00 0.000000e+00 1.783000e+01
-1.431375e+02 1.821000e+00 1.955000e-15 -1.591000e+01 0.000000e+00 1.610000e+01 2.557000e-15 0.000000e+00 0.000000e+00 4.472000e+01
-1.431345e+02 3.002000e+01 1.298000e-15 1.065000e+01 0.000000e+00 6.238000e+00 1.583000e-15 0.000000e+00 0.000000e+00 1.400000e+01
-1.431091e+02 1.554000e+01 1.230000e-15 -4.032000e+00 0.000000e+00 6.235000e+00 1.646000e-15 0.000000e+00 0.000000e+00 6.729000e+00
-1.430882e+02 6.482000e+00 1.974000e-16 4.907000e+00 0.000000e+00 7.874000e+00 2.241000e-15 0.000000e+00 0.000000e+00 2.497000e+01
-1.430770e+02 1.183000e+01 -3.783000e+00 -7.740000e-01 0.000000e+00 6.741000e+00 -6.872000e+00 0.000000e+00 0.000000e+00 1.596000e+01
-1.430487e+02 7.865000e+00 4.816000e-16 4.816000e-16 0.000000e+00 3.507000e+01 6.717000e-15 0.000000e+00 0.000000e+00 4.638000e+00
-1.430466e+02 9.017000e+00 9.832000e-01 8.619000e+00 0.000000e+00 1.127000e+01 5.263000e+00 0.000000e+00 0.000000e+00 1.262000e+01
-1.430374e+02 1.339000e+01 8.200000e-16 8.200000e-16 0.000000e+00 1.939000e+01 3.478000e-15 0.000000e+00 0.000000e+00 9.904000e+00
-1.430287e+02 4.995000e+00 8.060000e-01 -5.707000e+00 0.000000e+00 1.071000e+01 -1.631000e+00 0.000000e+00 0.000000e+00 1.200000e+01
-1.430233e+02 7.389000e+00 1.824000e-16 7.674000e+00 0.000000e+00 6.244000e+00 1.561000e-15 0.000000e+00 0.000000e+00 2.843000e+01
-1.430062e+02 5.841000e+00 3.357000e+00 3.484000e+00 0.000000e+00 1.624000e+01 2.201000e+00 0.000000e+00 0.000000e+00 1.339000e+01
-1.429935e+02 8.772000e+00 -6.321000e+00 -6.181000e+00 0.000000e+00 6.784000e+00 6.507000e+00 0.000000e+00 0.000000e+00 1.601000e+01
-1.429808e+02 1.607000e+01 1.810000e-15 9.839000e-16 0.000000e+00 1.307000e+01 -8.466000e+00 0.000000e+00 0.000000e+00 1.248000e+01
-1.429614e+02 2.971000e+00 8.480000e-17 2.494000e+00 0.000000e+00 3.067000e+01 7.970000e-15 0.000000e+00 0.000000e+00 2.734000e+01
-1.429546e+02 6.210000e+00 -1.313000e+01 2.401000e+01 0.000000e+00 2.430000e+01 1.417000e+02 0.000000e+00 0.000000e+00 8.512000e+00
-1.429253e+02 5.527000e+00 2.504000e-15 -2.007000e+01 0.000000e+00 5.633000e+00 9.815000e-16 0.000000e+00 0.000000e+00 2.039000e+01
-1.428985e+02 5.240000e+01 3.209000e-15 3.209000e-15 0.000000e+00 6.240000e+00 1.375000e-15 0.000000e+00 0.000000e+00 8.060000e+00
-1.428944e+02 1.608000e+01 8.265000e-16 9.847000e-16 0.000000e+00 1.307000e+01 2.301000e+00 0.000000e+00 0.000000e+00 1.249000e+01
-1.428917e+02 1.350000e+01 -1.039000e+00 1.423000e+01 0.000000e+00 8.317000e+00 4.800000e+00 0.000000e+00 0.000000e+00 5.700000e+00
-1.428866e+02 6.450000e+00 6.334000e+00 2.327000e+01 0.000000e+00 3.215000e+00 -1.174000e+01 0.000000e+00 0.000000e+00 3.091000e+01
-1.428682e+02 1.439000e+01 1.436000e-15 8.811000e-16 0.000000e+00 1.194000e+01 -6.067000e+00 0.000000e+00 0.000000e+00 7.404000e+00
-1.428477e+02 1.202000e+01 2.306000e-15 -1.691000e+01 0.000000e+00 1.607000e+01 4.210000e-15 0.000000e+00 0.000000e+00 1.356000e+01
-1.428323e+02 1.170000e+01 1.221000e-15 -6.532000e+00 0.000000e+00 2.877000e+01 6.773000e-15 0.000000e+00 0.000000e+00 7.545000e+00
-1.427985e+02 1.005000e+01 1.682000e+00 4.185000e+01 0.000000e+00 1.086000e+01 -1.958000e+00 0.000000e+00 0.000000e+00 5.888000e+00
-1.427756e+02 6.815000e+00 3.765000e+00 2.443000e+00 0.000000e+00 1.278000e+01 3.946000e+00 0.000000e+00 0.000000e+00 1.458000e+01
-1.427678e+02 1.256000e+01 1.285000e-15 -6.733000e+00 0.000000e+00 6.241000e+00 1.322000e-15 0.000000e+00 0.000000e+00 1.677000e+01
-1.427587e+02 3.830000e+00 2.621000e-16 -4.266000e-01 0.000000e+00 6.854000e+00 2.020000e-15 0.000000e+00 0.000000e+00 2.411000e+01
-1.427539e+02 3.169000e+01 2.115000e-15 -2.741000e+00 0.000000e+00 6.240000e+00 1.670000e-15 0.000000e+00 0.000000e+00 1.328000e+01
-1.427537e+02 3.034000e+01 2.532000e-15 -9.553000e+00 0.000000e+00 6.239000e+00 1.595000e-15 0.000000e+00 0.000000e+00 1.390000e+01
-1.427470e+02 1.788000e+01 1.172000e-15 -1.210000e+00 0.000000e+00 1.192000e+01 3.384000e-15 0.000000e+00 0.000000e+00 6.258000e+00
-1.427469e+02 1.460000e+01 5.989000e+00 2.822000e+00 0.000000e+00 8.139000e+00 -1.807000e-01 0.000000e+00 0.000000e+00 1.081000e+01
-1.427408e+02 6.712000e+00 2.293000e-16 4.142000e+00 0.000000e+00 2.468000e+01 5.782000e-15 0.000000e+00 0.000000e+00 7.581000e+00
-1.427141e+02 7.486000e+00 6.990000e+00 1.567000e+01 0.000000e+00 6.604000e+00 1.226000e+01 0.000000e+00 0.000000e+00 1.975000e+01
-1.427111e+02 2.509000e+01 2.060000e-15 1.536000e-15 0.000000e+00 9.259000e+00 -2.757000e+00 0.000000e+00 0.000000e+00 1.111000e+01
-1.425862e+02 1.139000e+01 6.974000e-16 6.974000e-16 0.000000e+00 9.053000e+01 1.560000e-14 0.000000e+00 0.000000e+00 5.155000e+00
-1.425793e+02 4.277000e+00 1.133000e-16 4.017000e+00 0.000000e+00 2.882000e+01 4.851000e-15 0.000000e+00 0.000000e+00 1.056000e+01
-1.425774e+02 3.463000e+01 2.120000e-15 2.120000e-15 0.000000e+00 2.476000e+01 7.052000e-15 0.000000e+00 0.000000e+00 6.236000e+00
-1.425721e+02 1.579000e+01 3.657000e-01 -1.310000e+00 0.000000e+00 6.484000e+00 -2.214000e+00 0.000000e+00 0.000000e+00 1.246000e+01
-1.425653e+02 6.837000e+00 3.903000e+00 -6.204000e+00 0.000000e+00 1.213000e+01 2.829000e+00 0.000000e+00 0.000000e+00 1.541000e+01
-1.424682e+02 1.690000e+01 1.154000e-15 -1.841000e+00 0.000000e+00 6.239000e+00 1.781000e-15 0.000000e+00 0.000000e+00 2.489000e+01
-1.424674e+02 9.574000e+00 1.107000e-15 -6.501000e+00 0.000000e+00 6.616000e+00 1.149000e-15 0.000000e+00 0.000000e+00 2.046000e+01
-1.424614e+02 1.298000e+01 9.984000e-16 -2.986000e+00 0.000000e+00 7.899000e+00 2.259000e-15 0.000000e+00 0.000000e+00 2.484000e+01
-1.424590e+02 7.712000e+00 -1.050000e+00 8.173000e-01 0.000000e+00 7.848000e+00 -8.123000e-01 0.000000e+00 0.000000e+00 2.105000e+01
-1.424393e+02 3.903000e+00 8.397000e-17 4.870000e+00 0.000000e+00 3.187000e+01 5.368000e-15 0.000000e+00 0.000000e+00 2.109000e+01
-1.424225e+02 7.825000e+00 5.053000e-16 -4.150000e-01 0.000000e+00 1.442000e+01 2.274000e-15 0.000000e+00 0.000000e+00 1.127000e+01
-1.423885e+02 2.014000e+01 1.377000e+00 5.739000e+00 0.000000e+00 7.722000e+00 -2.002000e+00 0.000000e+00 0.000000e+00 6.250000e+00
-1.423588e+02 1.583000e+01 8.846000e-16 1.451000e+00 0.000000e+00 1.318000e+01 3.756000e-15 0.000000e+00 0.000000e+00 6.235000e+00
-1.423086e+02 6.607000e+00 1.416000e+00 -3.230000e+00 0.000000e+00 2.344000e+01 -5.113000e+00 0.000000e+00 0.000000e+00 8.165000e+00
-1.422850e+02 2.872000e+01 2.951000e-15 1.758000e-15 0.000000e+00 3.551000e+00 -1.922000e+00 0.000000e+00 0.000000e+00 1.243000e+01
-1.422836e+02 6.237000e+00 3.819000e-16 3.819000e-16 0.000000e+00 3.207000e+01 8.696000e-15 0.000000e+00 0.000000e+00 1.310000e+01
-1.422554e+02 3.900000e+00 2.076000e-15 -1.673000e+01 0.000000e+00 1.840000e+01 3.631000e-15 0.000000e+00 0.000000e+00 1.801000e+01
-1.422455e+02 6.006000e+00 1.175000e+00 -1.994000e+01 0.000000e+00 1.041000e+01 1.945000e+00 0.000000e+00 0.000000e+00 2.097000e+01
-1.422381e+02 5.287000e+00 3.876000e+00 -3.602000e+00 0.000000e+00 8.694000e+00 -2.384000e-01 0.000000e+00 0.000000e+00 1.386000e+01
-1.422359e+02 1.279000e+01 6.204000e+00 1.771000e+01 0.000000e+00 1.599000e+01 1.440000e-01 0.000000e+00 0.000000e+00 1.245000e+01
-1.422314e+02 6.091000e+00 4.683000e-16 -1.399000e+00 0.000000e+00 1.563000e+01 3.976000e-15 0.000000e+00 0.000000e+00 1.397000e+01
-1.422308e+02 5.847000e+00 5.151000e-16 -2.174000e+00 0.000000e+00 3.183000e+01 8.004000e-15 0.000000e+00 0.000000e+00 7.064000e+00
-1.422247e+02 1.235000e+01 9.547000e-16 -2.906000e+00 0.000000e+00 4.219000e+00 1.222000e-15 0.000000e+00 0.000000e+00 2.454000e+01
-1.422190e+02 3.164000e+01 1.937000e-15 1.937000e-15 0.000000e+00 1.307000e+01 3.721000e-15 0.000000e+00 0.000000e+00 6.239000e+00
-1.422115e+02 5.929000e+00 8.672000e-16 -5.840000e+00 0.000000e+00 1.969000e+01 3.181000e-15 0.000000e+00 0.000000e+00 1.100000e+01
-1.421802e+02 3.628000e+00 4.362000e-16 -2.638000e+00 0.000000e+00 7.867000e+00 1.255000e-15 0.000000e+00 0.000000e+00 4.455000e+01
-1.421689e+02 5.623000e+00 5.796000e+00 -2.206000e+00 0.000000e+00 7.182000e+00 8.007000e+00 0.000000e+00 0.000000e+00 1.590000e+01
-1.421382e+02 5.639000e+00 5.349000e+00 -1.125000e+00 0.000000e+00 2.889000e+01 -3.098000e+00 0.000000e+00 0.000000e+00 7.878000e+00
-1.420903e+02 1.169000e+01 4.193000e+00 8.977000e-01 0.000000e+00 6.876000e+00 -4.021000e-01 0.000000e+00 0.000000e+00 1.590000e+01
-1.420501e+02 6.138000e+00 -5.098000e+00 6.944000e-01 0.000000e+00 4.242000e+00 3.679000e-02 0.000000e+00 0.000000e+00 3.718000e+01
-1.420400e+02 4.234000e+00 1.011000e-16 4.602000e+00 0.000000e+00 2.724000e+01 4.192000e-15 0.000000e+00 0.000000e+00 2.309000e+01
-1.420383e+02 1.286000e+01 5.921000e-16 3.715000e+00 0.000000e+00 7.888000e+00 2.246000e-15 0.000000e+00 0.000000e+00 2.496000e+01
-1.419988e+02 6.733000e+00 -4.109000e+00 4.830000e-16 0.000000e+00 7.571000e+00 9.897000e-01 0.000000e+00 0.000000e+00 2.493000e+01
-1.419887e+02 1.199000e+01 3.184000e+00 -9.318000e-01 0.000000e+00 6.741000e+00 -3.281000e-02 0.000000e+00 0.000000e+00 1.587000e+01
-1.419797e+02 8.404000e+00 5.411000e-16 -4.232000e-01 0.000000e+00 7.877000e+00 1.450000e-15 0.000000e+00 0.000000e+00 1.930000e+01
-1.419689e+02 9.976000e+00 1.253000e-15 -7.804000e+00 0.000000e+00 4.265000e+00 1.006000e-15 0.000000e+00 0.000000e+00 3.012000e+01
-1.419272e+02 1.313000e+01 8.037000e-16 8.037000e-16 0.000000e+00 6.239000e+00 1.401000e-15 0.000000e+00 0.000000e+00 3.164000e+01
-1.419213e+02 7.856000e+00 2.946000e-16 4.008000e+00 0.000000e+00 2.701000e+01 7.670000e-15 0.000000e+00 0.000000e+00 6.257000e+00
-1.419005e+02 6.238000e+00 3.852000e-16 -5.255000e-02 0.000000e+00 1.611000e+01 4.373000e-15 0.000000e+00 0.000000e+00 1.309000e+01
-1.418809e+02 4.463000e+00 -6.539000e+00 -4.896000e+00 0.000000e+00 1.556000e+01 3.525000e+00 0.000000e+00 0.000000e+00 1.374000e+01
-1.418792e+02 7.832000e+00 7.721000e-16 -3.872000e+00 0.000000e+00 1.296000e+01 3.581000e-15 0.000000e+00 0.000000e+00 2.572000e+01
-1.418653e+02 1.171000e+01 2.108000e-16 1.820000e+01 0.000000e+00 7.872000e+00 2.008000e-15 0.000000e+00 0.000000e+00 2.786000e+01
-1.418626e+02 4.194000e+00 1.547000e-17 3.469000e+01 0.000000e+00 3.190000e+01 5.765000e-15 0.000000e+00 0.000000e+00 1.966000e+01
-1.418378e+02 1.715000e+01 9.258000e-16 2.166000e+00 0.000000e+00 6.240000e+00 1.799000e-15 0.000000e+00 0.000000e+00 2.465000e+01
-1.418105e+02 2.196000e+01 1.244000e-15 1.707000e+00 0.000000e+00 6.242000e+00 1.153000e-15 0.000000e+00 0.000000e+00 1.924000e+01
-1.418011e+02 1.226000e+01 8.743000e-16 -1.878000e+00 0.000000e+00 9.680000e+00 1.574000e-15 0.000000e+00 0.000000e+00 2.185000e+01
-1.417827e+02 6.803000e+00 1.784000e-01 -1.818000e+00 0.000000e+00 9.681000e+00 -2.104000e+00 0.000000e+00 0.000000e+00 1.455000e+01
-1.417804e+02 6.200000e+00 7.832000e-01 -1.273000e-02 0.000000e+00 4.132000e+00 -6.142000e-01 0.000000e+00 0.000000e+00 2.509000e+01
-1.417612e+02 6.535000e+00 1.308000e+00 6.755000e+00 0.000000e+00 7.875000e+00 7.271000e-03 0.000000e+00 0.000000e+00 2.498000e+01
-1.417357e+02 6.774000e+00 2.511000e-16 3.543000e+00 0.000000e+00 2.485000e+01 5.844000e-15 0.000000e+00 0.000000e+00 7.553000e+00
-1.417343e+02 1.113000e+01 2.723000e-16 1.170000e+01 0.000000e+00 6.243000e+00 1.160000e-15 0.000000e+00 0.000000e+00 1.912000e+01
-1.417315e+02 1.331000e+01 7.370000e-16 8.152000e-16 0.000000e+00 1.584000e+01 1.598000e+00 0.000000e+00 0.000000e+00 1.247000e+01
-1.417227e+02 1.540000e+01 1.039000e-15 -1.489000e+00 0.000000e+00 7.872000e+00 1.323000e-15 0.000000e+00 0.000000e+00 2.114000e+01
-1.417184e+02 5.850000e+00 3.331000e-16 4.261000e-01 0.000000e+00 1.341000e+01 2.924000e-15 0.000000e+00 0.000000e+00 1.629000e+01
-1.417128e+02 6.054000e+00 1.392000e+00 4.497000e+00 0.000000e+00 1.096000e+01 6.699000e-01 0.000000e+00 0.000000e+00 1.920000e+01
-1.417026e+02 2.469000e+00 4.600000e+00 -1.018000e+01 0.000000e+00 1.597000e+01 1.713000e+01 0.000000e+00 0.000000e+00 1.616000e+01
-1.417024e+02 1.167000e+01 3.082000e-16 1.102000e+01 0.000000e+00 6.240000e+00 1.214000e-15 0.000000e+00 0.000000e+00 1.827000e+01
-1.416951e+02 5.232000e+00 -1.525000e+00 -2.202000e+00 0.000000e+00 1.298000e+01 6.804000e+00 0.000000e+00 0.000000e+00 1.881000e+01
-1.416904e+02 6.909000e+00 -4.303000e+00 -1.599000e+00 0.000000e+00 1.208000e+01 2.999000e+00 0.000000e+00 0.000000e+00 1.536000e+01
-1.416807e+02 2.482000e+01 1.676000e-15 1.520000e-15 0.000000e+00 1.314000e+01 -1.287000e+00 0.000000e+00 0.000000e+00 7.883000e+00
-1.416514e+02 4.277000e+00 2.025000e-16 1.112000e+00 0.000000e+00 7.875000e+00 1.479000e-15 0.000000e+00 0.000000e+00 1.892000e+01
-1.416314e+02 6.684000e+00 4.093000e-16 4.093000e-16 0.000000e+00 1.247000e+01 2.809000e-15 0.000000e+00 0.000000e+00 3.153000e+01
-1.416287e+02 1.403000e+01 -6.153000e+00 -6.440000e+00 0.000000e+00 1.187000e+01 -2.360000e+00 0.000000e+00 0.000000e+00 3.811000e+00
-1.416087e+02 1.020000e+01 -7.102000e+00 -1.664000e+01 0.000000e+00 7.875000e+00 2.769000e+00 0.000000e+00 0.000000e+00 1.598000e+01
-1.415960e+02 9.336000e+00 6.427000e+00 2.203000e+00 0.000000e+00 1.023000e+01 7.086000e+00 0.000000e+00 0.000000e+00 1.344000e+01
-1.415919e+02 7.957000e+00 2.349000e+00 -6.320000e+00 0.000000e+00 1.096000e+01 3.046000e-01 0.000000e+00 0.000000e+00 7.382000e+00
-1.415808e+02 2.394000e+01 1.466000e-15 1.466000e-15 0.000000e+00 8.879000e+00 2.524000e-15 0.000000e+00 0.000000e+00 6.248000e+00
-1.415755e+02 1.337000e+01 6.832000e-16 8.189000e-16 0.000000e+00 1.323000e+01 2.410000e+00 0.000000e+00 0.000000e+00 1.445000e+01
-1.415698e+02 1.736000e+01 1.605000e-15 -7.352000e+00 0.000000e+00 5.440000e+00 1.398000e-15 0.000000e+00 0.000000e+00 2.765000e+01
-1.415579e+02 6.560000e+00 5.284000e-16 -1.822000e+00 0.000000e+00 7.887000e+00 2.259000e-15 0.000000e+00 0.000000e+00 2.481000e+01
-1.415456e+02 1.194000e+01 1.076000e-15 -4.729000e+00 0.000000e+00 2.871000e+01 6.880000e-15 0.000000e+00 0.000000e+00 3.706000e+00
-1.415084e+02 2.410000e+01 1.980000e-15 -7.187000e+00 0.000000e+00 7.881000e+00 2.066000e-15 0.000000e+00 0.000000e+00 1.355000e+01
-1.414971e+02 5.197000e+00 1.701000e-16 3.472000e+00 0.000000e+00 1.559000e+01 3.369000e-15 0.000000e+00 0.000000e+00 1.644000e+01
-1.414737e+02 8.731000e+00 1.245000e-01 1.587000e+01 0.000000e+00 6.867000e+00 1.076000e+01 0.000000e+00 0.000000e+00 1.603000e+01
-1.414448e+02 6.612000e+00 2.456000e-01 1.871000e+00 0.000000e+00 2.439000e+01 6.913000e-02 0.000000e+00 0.000000e+00 7.888000e+00
-1.414406e+02 2.446000e+00 1.762000e+00 1.162000e+01 0.000000e+00 1.522000e+01 4.848000e+00 0.000000e+00 0.000000e+00 3.412000e+01
-1.414321e+02 6.406000e+00 -2.855000e+00 1.319000e+00 0.000000e+00 1.157000e+01 -2.460000e+00 0.000000e+00 0.000000e+00 1.296000e+01
-1.414253e+02 7.365000e+00 -4.317000e+00 -2.375000e+00 0.000000e+00 6.792000e+00 1.150000e+00 0.000000e+00 0.000000e+00 1.281000e+01
-1.414193e+02 6.000000e+00 -6.492000e+00 1.232000e-01 0.000000e+00 1.178000e+01 -1.142000e-01 0.000000e+00 0.000000e+00 1.370000e+01
-1.414076e+02 1.310000e+01 8.883000e-16 8.024000e-16 0.000000e+00 3.169000e+01 -3.229000e+00 0.000000e+00 0.000000e+00 6.240000e+00
-1.413744e+02 1.601000e+01 1.724000e-15 9.805000e-16 0.000000e+00 1.070000e+01 -6.368000e+00 0.000000e+00 0.000000e+00 1.493000e+01
-1.413721e+02 1.195000e+01 -1.767000e+00 -1.095000e+01 0.000000e+00 6.812000e+00 -3.960000e+00 0.000000e+00 0.000000e+00 1.584000e+01
-1.413603e+02 2.970000e+00 9.045000e+00 1.660000e+01 0.000000e+00 9.025000e+00 2.380000e-01 0.000000e+00 0.000000e+00 2.368000e+01
-1.413587e+02 3.765000e+00 1.562000e-16 1.503000e+00 0.000000e+00 2.568000e+01 6.860000e-15 0.000000e+00 0.000000e+00 1.330000e+01
-1.413426e+02 8.620000e+00 1.597000e-15 -1.161000e+01 0.000000e+00 1.337000e+01 2.145000e-15 0.000000e+00 0.000000e+00 2.214000e+01
-1.413267e+02 6.472000e+00 7.862000e-16 -4.788000e+00 0.000000e+00 7.885000e+00 2.244000e-15 0.000000e+00 0.000000e+00 2.497000e+01
-1.413142e+02 3.718000e+00 1.715000e-16 1.066000e+00 0.000000e+00 1.525000e+01 2.384000e-15 0.000000e+00 0.000000e+00 2.272000e+01
-1.413103e+02 6.243000e+00 3.823000e-16 3.823000e-16 0.000000e+00 1.311000e+01 2.952000e-15 0.000000e+00 0.000000e+00 3.155000e+01
-1.413061e+02 1.491000e+01 9.132000e-16 9.132000e-16 0.000000e+00 5.655000e+01 1.611000e-14 0.000000e+00 0.000000e+00 6.236000e+00
-1.412954e+02 5.859000e+00 4.182000e-16 -9.011000e-01 0.000000e+00 2.473000e+01 5.002000e-15 0.000000e+00 0.000000e+00 4.391000e+00
-1.412758e+02 6.231000e+00 3.525000e-16 4.933000e-01 0.000000e+00 2.749000e+01 6.283000e-15 0.000000e+00 0.000000e+00 1.555000e+01
-1.412510e+02 3.830000e+00 2.947000e-16 -8.829000e-01 0.000000e+00 1.097000e+01 2.604000e-15 0.000000e+00 0.000000e+00 2.992000e+01
-1.412262e+02 7.280000e+00 3.016000e-16 2.916000e+00 0.000000e+00 4.303000e+00 7.467000e-16 0.000000e+00 0.000000e+00 4.094000e+01
-1.412183e+02 6.535000e+00 2.910000e+00 3.358000e+00 0.000000e+00 1.404000e+01 5.579000e+00 0.000000e+00 0.000000e+00 1.389000e+01
-1.412154e+02 2.143000e+01 2.150000e-15 -1.101000e+01 0.000000e+00 6.544000e+00 1.252000e-15 0.000000e+00 0.000000e+00 1.857000e+01
-1.411922e+02 2.108000e+01 1.945000e-15 -8.887000e+00 0.000000e+00 1.583000e+01 3.702000e-15 0.000000e+00 0.000000e+00 7.598000e+00
-1.411327e+02 1.235000e+01 -2.310000e-01 5.082000e+00 0.000000e+00 7.801000e+00 -1.109000e+00 0.000000e+00 0.000000e+00 1.346000e+01
-1.411285e+02 1.439000e+01 -7.206000e-05 6.882000e+00 0.000000e+00 6.571000e+00 6.881000e-05 0.000000e+00 0.000000e+00 1.340000e+01
-1.411238e+02 3.066000e+00 3.823000e-16 -2.369000e+00 0.000000e+00 1.518000e+01 3.911000e-15 0.000000e+00 0.000000e+00 5.517000e+01
-1.411232e+02 3.159000e+01 1.934000e-15 1.934000e-15 0.000000e+00 1.371000e+01 3.898000e-15 0.000000e+00 0.000000e+00 1.249000e+01
-1.410998e+02 8.166000e+00 2.825000e-16 4.921000e+00 0.000000e+00 1.340000e+01 2.030000e-15 0.000000e+00 0.000000e+00 2.346000e+01
-1.410954e+02 5.957000e+00 4.967000e-16 -1.868000e+00 0.000000e+00 7.171000e+00 1.631000e-15 0.000000e+00 0.000000e+00 3.123000e+01
-1.410372e+02 4.521000e+00 1.657000e-16 2.423000e+00 0.000000e+00 3.050000e+01 5.866000e-15 0.000000e+00 0.000000e+00 9.238000e+00
-1.410334e+02 1.243000e+01 1.543000e-15 7.612000e-16 0.000000e+00 2.546000e+01 -1.953000e+01 0.000000e+00 0.000000e+00 8.146000e+00
-1.410256e+02 1.330000e+01 2.719000e-15 -2.021000e+01 0.000000e+00 6.237000e+00 1.381000e-15 0.000000e+00 0.000000e+00 1.605000e+01
-1.410236e+02 6.229000e+00 1.534000e+00 -2.457000e+00 0.000000e+00 9.078000e+00 5.240000e+00 0.000000e+00 0.000000e+00 1.697000e+01
-1.410030e+02 5.960000e+00 -2.184000e+00 -2.671000e+00 0.000000e+00 1.234000e+01 1.765000e+00 0.000000e+00 0.000000e+00 1.730000e+01
-1.409905e+02 3.125000e+01 1.912000e-15 1.913000e-15 0.000000e+00 2.737000e+01 1.825000e-02 0.000000e+00 0.000000e+00 6.245000e+00
-1.409727e+02 1.551000e+01 1.199000e-15 9.495000e-16 0.000000e+00 6.079000e+00 -1.433000e+00 0.000000e+00 0.000000e+00 1.415000e+01
-1.409712e+02 9.468000e+00 5.400000e-16 6.721000e-01 0.000000e+00 9.370000e+00 2.252000e-15 0.000000e+00 0.000000e+00 1.478000e+01
-1.409603e+02 5.508000e+00 -4.040000e+00 4.621000e+00 0.000000e+00 1.106000e+01 -5.238000e-01 0.000000e+00 0.000000e+00 1.589000e+01
-1.409564e+02 3.896000e+01 1.664000e-15 2.386000e-15 0.000000e+00 1.169000e+01 4.306000e+00 0.000000e+00 0.000000e+00 5.710000e+00
-1.409463e+02 4.344000e+00 1.346000e+00 -6.477000e+00 0.000000e+00 1.344000e+01 -3.525000e+00 0.000000e+00 0.000000e+00 2.182000e+01
-1.409456e+02 2.713000e+01 1.661000e-15 1.661000e-15 0.000000e+00 6.240000e+00 1.403000e-15 0.000000e+00 0.000000e+00 1.580000e+01
-1.409234e+02 4.352000e+00 -6.023000e-02 -5.110000e-01 0.000000e+00 7.690000e+00 -1.623000e+00 0.000000e+00 0.000000e+00 3.829000e+01
-1.408935e+02 4.559000e+00 6.550000e-17 9.179000e+00 0.000000e+00 7.079000e+00 1.180000e-15 0.000000e+00 0.000000e+00 4.264000e+01
-1.408917e+02 9.644000e+00 -6.174000e+00 -1.102000e+00 0.000000e+00 6.161000e+00 -1.037000e+00 0.000000e+00 0.000000e+00 1.652000e+01
-1.408902e+02 6.417000e+00 5.194000e+00 1.485000e+01 0.000000e+00 1.600000e+01 8.460000e-03 0.000000e+00 0.000000e+00 1.244000e+01
-1.408772e+02 1.514000e+01 9.274000e-16 9.274000e-16 0.000000e+00 8.788000e+01 2.021000e-14 0.000000e+00 0.000000e+00 3.863000e+00
-1.408710e+02 8.431000e+00 -2.580000e+00 9.664000e-01 0.000000e+00 1.222000e+01 2.302000e+00 0.000000e+00 0.000000e+00 1.236000e+01
-1.408702e+02 1.255000e+01 1.176000e-15 -5.501000e+00 0.000000e+00 7.859000e+00 2.129000e-15 0.000000e+00 0.000000e+00 2.622000e+01
-1.408692e+02 6.097000e+00 4.677000e-16 -1.386000e+00 0.000000e+00 1.560000e+01 3.955000e-15 0.000000e+00 0.000000e+00 1.402000e+01
-1.408527e+02 6.079000e+00 2.951000e-16 1.424000e+00 0.000000e+00 3.187000e+01 8.420000e-15 0.000000e+00 0.000000e+00 1.345000e+01
-1.408356e+02 2.494000e+01 1.527000e-15 1.527000e-15 0.000000e+00 1.319000e+01 2.976000e-15 0.000000e+00 0.000000e+00 7.869000e+00
-1.408333e+02 6.149000e+00 -8.169000e-01 -7.221000e-01 0.000000e+00 5.618000e+00 -8.373000e+00 0.000000e+00 0.000000e+00 2.854000e+01
-1.408331e+02 8.364000e+00 1.152000e+00 -1.497000e-01 0.000000e+00 7.856000e+00 7.209000e-01 0.000000e+00 0.000000e+00 9.712000e+00
-1.408210e+02 9.112000e+00 2.241000e+00 -4.406000e-01 0.000000e+00 8.766000e+00 -4.482000e+00 0.000000e+00 0.000000e+00 1.197000e+01
-1.408184e+02 1.350000e+01 1.631000e+00 1.299000e+01 0.000000e+00 1.083000e+01 2.263000e+00 0.000000e+00 0.000000e+00 8.733000e+00
-1.408120e+02 1.193000e+01 4.152000e-16 7.100000e+00 0.000000e+00 6.244000e+00 1.239000e-15 0.000000e+00 0.000000e+00 1.790000e+01
-1.408101e+02 5.845000e+00 -3.013000e-01 9.020000e+00 0.000000e+00 1.579000e+01 2.484000e+00 0.000000e+00 0.000000e+00 1.384000e+01
-1.408066e+02 6.449000e+00 2.019000e+00 4.586000e+00 0.000000e+00 2.512000e+01 7.779000e+00 0.000000e+00 0.000000e+00 7.890000e+00
-1.408064e+02 7.875000e+00 4.822000e-16 4.822000e-16 0.000000e+00 2.494000e+01 6.743000e-15 0.000000e+00 0.000000e+00 1.314000e+01
-1.407985e+02 1.094000e+01 5.029000e-16 3.173000e+00 0.000000e+00 6.907000e+00 1.440000e-15 0.000000e+00 0.000000e+00 3.408000e+01
-1.407974e+02 1.169000e+01 1.744000e+00 -1.083000e+01 0.000000e+00 1.476000e+01 -6.078000e+00 0.000000e+00 0.000000e+00 1.476000e+01
-1.407930e+02 7.691000e+00 9.770000e+00 -5.399000e-01 0.000000e+00 1.044000e+01 -2.088000e-01 0.000000e+00 0.000000e+00 1.598000e+01
-1.407906e+02 8.114000e+00 2.690000e+00 1.359000e+01 0.000000e+00 9.251000e+00 4.157000e+00 0.000000e+00 0.000000e+00 1.282000e+01
-1.407826e+02 1.295000e+01 7.929000e-16 7.929000e-16 0.000000e+00 7.882000e+00 2.248000e-15 0.000000e+00 0.000000e+00 2.491000e+01
-1.407712e+02 1.925000e+00 -2.209000e+00 1.550000e+01 0.000000e+00 1.368000e+01 3.427000e+00 0.000000e+00 0.000000e+00 1.209000e+01
-1.407436e+02 4.066000e+00 3.973000e-16 -1.970000e+00 0.000000e+00 1.590000e+01 2.834000e-15 0.000000e+00 0.000000e+00 1.993000e+01
-1.407427e+02 6.554000e+00 2.355000e-01 5.281000e+00 0.000000e+00 7.868000e+00 5.726000e-03 0.000000e+00 0.000000e+00 2.493000e+01
-1.407424e+02 4.694000e+00 6.806000e-16 -4.567000e+00 0.000000e+00 7.868000e+00 1.615000e-15 0.000000e+00 0.000000e+00 3.463000e+01
-1.407419e+02 7.276000e+00 3.507000e-16 1.757000e+00 0.000000e+00 1.603000e+01 2.577000e-15 0.000000e+00 0.000000e+00 1.105000e+01
-1.407415e+02 1.307000e+01 8.005000e-16 8.005000e-16 0.000000e+00 7.875000e+00 2.246000e-15 0.000000e+00 0.000000e+00 2.491000e+01
-1.407345e+02 7.176000e+00 -3.030000e+00 1.228000e+00 0.000000e+00 1.394000e+01 4.297000e-01 0.000000e+00 0.000000e+00 1.277000e+01
-1.407322e+02 7.728000e+00 4.054000e-16 1.200000e+00 0.000000e+00 4.834000e+00 9.856000e-16 0.000000e+00 0.000000e+00 3.485000e+01
-1.407255e+02 3.182000e+01 1.948000e-15 1.948000e-15 0.000000e+00 6.233000e+00 1.653000e-15 0.000000e+00 0.000000e+00 6.698000e+00
-1.407248e+02 2.296000e+01 1.406000e-15 1.406000e-15 0.000000e+00 6.241000e+00 1.185000e-15 0.000000e+00 0.000000e+00 1.871000e+01
-1.407130e+02 3.135000e+00 3.912000e-16 -2.425000e+00 0.000000e+00 1.838000e+01 2.981000e-15 0.000000e+00 0.000000e+00 2.190000e+01
-1.406769e+02 1.446000e+01 8.856000e-16 8.857000e-16 0.000000e+00 1.336000e+01 1.563000e-03 0.000000e+00 0.000000e+00 6.604000e+00
-1.406647e+02 2.726000e+01 1.969000e-15 1.669000e-15 0.000000e+00 1.566000e+01 -2.601000e+00 0.000000e+00 0.000000e+00 6.247000e+00
-1.406563e+02 6.970000e+00 1.793000e+01 -1.553000e+01 0.000000e+00 7.208000e+00 -7.701000e-01 0.000000e+00 0.000000e+00 1.274000e+01
-1.406549e+02 3.009000e+01 1.716000e-15 2.144000e+00 0.000000e+00 7.110000e+00 2.024000e-15 0.000000e+00 0.000000e+00 6.241000e+00
-1.406452e+02 4.094000e+01 5.323000e-15 2.507000e-15 0.000000e+00 9.600000e+00 -7.931000e+00 0.000000e+00 0.000000e+00 6.621000e+00
-1.406416e+02 6.729000e+00 -5.928000e-01 3.299000e+00 0.000000e+00 8.897000e+00 -4.511000e+00 0.000000e+00 0.000000e+00 1.599000e+01
-1.406404e+02 7.401000e+00 2.513000e-16 4.621000e+00 0.000000e+00 1.573000e+01 2.575000e-15 0.000000e+00 0.000000e+00 1.085000e+01
-1.406174e+02 9.403000e+00 -4.633000e+00 8.645000e-01 0.000000e+00 1.476000e+01 -6.906000e+00 0.000000e+00 0.000000e+00 9.191000e+00
-1.405912e+02 1.327000e+01 1.954000e+00 8.212000e-16 0.000000e+00 1.607000e+01 4.577000e-15 0.000000e+00 0.000000e+00 6.237000e+00
-1.404961e+02 6.225000e+01 3.812000e-15 3.812000e-15 0.000000e+00 2.233000e+01 5.354000e-15 0.000000e+00 0.000000e+00 3.704000e+00
-1.404924e+02 9.078000e+00 5.326000e-16 3.882000e-01 0.000000e+00 7.868000e+00 1.553000e-15 0.000000e+00 0.000000e+00 1.800000e+01
-1.404879e+02 1.594000e+01 -2.984000e+00 1.423000e+01 0.000000e+00 2.984000e+01 -8.569000e+00 0.000000e+00 0.000000e+00 5.368000e+00
-1.404853e+02 1.214000e+01 -3.144000e+00 -2.550000e+00 0.000000e+00 7.083000e+00 1.017000e+00 0.000000e+00 0.000000e+00 1.125000e+01
-1.404727e+02 7.150000e+00 -5.813000e+00 4.249000e+00 0.000000e+00 1.034000e+01 -3.636000e+00 0.000000e+00 0.000000e+00 1.297000e+01
-1.404686e+02 6.504000e+00 9.545000e+00 1.090000e+01 0.000000e+00 9.833000e+00 1.334000e+01 0.000000e+00 0.000000e+00 1.488000e+01
-1.404216e+02 2.722000e+01 1.666000e-15 1.666000e-15 0.000000e+00 6.241000e+00 1.404000e-15 0.000000e+00 0.000000e+00 1.579000e+01
-1.403939e+02 2.220000e+01 3.682000e-15 -2.597000e+01 0.000000e+00 7.872000e+00 1.908000e-15 0.000000e+00 0.000000e+00 1.466000e+01
-1.403553e+02 6.370000e+00 2.278000e-16 3.593000e+00 0.000000e+00 2.486000e+01 5.376000e-15 0.000000e+00 0.000000e+00 8.212000e+00
-1.403495e+02 6.411000e+00 2.390000e-01 -2.539000e+00 0.000000e+00 1.599000e+01 9.656000e-02 0.000000e+00 0.000000e+00 1.245000e+01
-1.403288e+02 7.877000e+00 5.344000e-16 4.823000e-16 0.000000e+00 1.311000e+01 -1.345000e+00 0.000000e+00 0.000000e+00 2.488000e+01
-1.403234e+02 7.112000e+00 5.123000e-16 -1.160000e+00 0.000000e+00 7.877000e+00 1.227000e-15 0.000000e+00 0.000000e+00 2.281000e+01
-1.403231e+02 1.273000e+01 4.235000e-15 -3.341000e+01 0.000000e+00 1.339000e+01 3.167000e-15 0.000000e+00 0.000000e+00 7.512000e+00
-1.403031e+02 2.840000e+01 2.831000e-15 -1.439000e+01 0.000000e+00 6.245000e+00 1.486000e-15 0.000000e+00 0.000000e+00 1.493000e+01
-1.402999e+02 2.185000e+01 1.515000e-15 -2.723000e+00 0.000000e+00 7.865000e+00 1.877000e-15 0.000000e+00 0.000000e+00 1.489000e+01
-1.402822e+02 4.450000e+00 3.519000e-16 -1.150000e+00 0.000000e+00 2.070000e+01 5.208000e-15 0.000000e+00 0.000000e+00 2.824000e+01
-1.402457e+02 6.643000e+00 2.373000e+00 -6.041000e+00 0.000000e+00 8.332000e+00 -3.470000e+00 0.000000e+00 0.000000e+00 2.348000e+01
-1.402065e+02 2.743000e+00 4.722000e+00 -5.720000e+00 0.000000e+00 7.140000e+00 1.240000e+00 0.000000e+00 0.000000e+00 1.627000e+01
-1.401940e+02 1.315000e+01 8.050000e-16 8.050000e-16 0.000000e+00 7.868000e+00 2.240000e-15 0.000000e+00 0.000000e+00 2.495000e+01
-1.401793e+02 1.606000e+01 9.833000e-16 9.833000e-16 0.000000e+00 1.329000e+01 3.781000e-15 0.000000e+00 0.000000e+00 6.245000e+00
-1.401579e+02 2.407000e+01 1.474000e-15 1.474000e-15 0.000000e+00 1.332000e+01 2.943000e-15 0.000000e+00 0.000000e+00 8.044000e+00
-1.401562e+02 1.524000e+01 1.294000e-15 -5.068000e+00 0.000000e+00 6.243000e+00 1.581000e-15 0.000000e+00 0.000000e+00 1.403000e+01
-1.401512e+02 4.102000e+01 2.511000e-15 2.511000e-15 0.000000e+00 5.547000e+00 8.751000e-16 0.000000e+00 0.000000e+00 5.630000e+00
-1.401473e+02 1.521000e+01 1.298000e-15 -5.141000e+00 0.000000e+00 1.247000e+01 3.151000e-15 0.000000e+00 0.000000e+00 1.406000e+01
-1.401373e+02 4.128000e+00 1.128000e-15 -8.744000e+00 0.000000e+00 1.447000e+01 2.395000e-15 0.000000e+00 0.000000e+00 2.146000e+01
-1.401327e+02 6.621000e+00 4.551000e+00 -3.175000e-01 0.000000e+00 8.584000e+00 7.754000e-01 0.000000e+00 0.000000e+00 2.243000e+01
-1.401220e+02 6.478000e+00 5.426000e-17 2.324000e+01 0.000000e+00 6.037000e+00 1.285000e-15 0.000000e+00 0.000000e+00 6.677000e+01
-1.401150e+02 5.849000e+00 -3.533000e+00 -8.228000e+00 0.000000e+00 7.698000e+00 4.917000e+00 0.000000e+00 0.000000e+00 1.416000e+01
-1.401032e+02 7.807000e+00 4.065000e-16 1.273000e+00 0.000000e+00 1.292000e+01 3.613000e-15 0.000000e+00 0.000000e+00 1.270000e+01
-1.400612e+02 5.392000e+00 2.458000e-16 1.613000e+00 0.000000e+00 1.163000e+01 2.032000e-15 0.000000e+00 0.000000e+00 2.033000e+01
-1.400355e+02 1.540000e+01 5.017000e-16 1.037000e+01 0.000000e+00 6.243000e+00 1.623000e-15 0.000000e+00 0.000000e+00 1.366000e+01
-1.400317e+02 3.656000e+00 2.239000e-16 2.239000e-16 0.000000e+00 2.271000e+01 5.334000e-15 0.000000e+00 0.000000e+00 1.512000e+01
-1.400300e+02 5.488000e+00 -1.776000e-01 3.362000e-16 0.000000e+00 4.137000e+01 6.480000e-15 0.000000e+00 0.000000e+00 5.670000e+00
-1.400260e+02 1.399000e+01 1.417000e-15 -7.344000e+00 0.000000e+00 6.244000e+00 1.452000e-15 0.000000e+00 0.000000e+00 1.528000e+01
-1.400224e+02 2.558000e+01 5.160000e-15 -3.825000e+01 0.000000e+00 1.338000e+01 3.180000e-15 0.000000e+00 0.000000e+00 7.476000e+00
-1.400048e+02 5.128000e+00 2.442000e-16 1.303000e+00 0.000000e+00 3.105000e+01 6.897000e-15 0.000000e+00 0.000000e+00 1.599000e+01
-1.400021e+02 3.119000e+01 1.910000e-15 1.910000e-15 0.000000e+00 2.753000e+01 7.829000e-15 0.000000e+00 0.000000e+00 6.245000e+00
-1.399775e+02 4.246000e+00 1.642000e+00 -6.486000e+00 0.000000e+00 1.376000e+01 2.358000e-01 0.000000e+00 0.000000e+00 2.182000e+01
-1.399760e+02 4.682000e+00 1.713000e-16 2.519000e+00 0.000000e+00 1.710000e+01 3.761000e-15 0.000000e+00 0.000000e+00 1.616000e+01
-1.399344e+02 4.694000e+00 1.670000e-16 2.676000e+00 0.000000e+00 1.122000e+01 3.195000e-15 0.000000e+00 0.000000e+00 2.495000e+01
-1.398516e+02 3.132000e+01 1.009000e-15 2.152000e+01 0.000000e+00 6.245000e+00 1.641000e-15 0.000000e+00 0.000000e+00 1.352000e+01
-1.398496e+02 2.139000e+01 1.470000e-15 -2.482000e+00 0.000000e+00 7.865000e+00 1.809000e-15 0.000000e+00 0.000000e+00 1.544000e+01
-1.398320e+02 7.800000e+00 1.836000e-15 -1.397000e+01 0.000000e+00 1.292000e+01 3.614000e-15 0.000000e+00 0.000000e+00 1.270000e+01
-1.397888e+02 7.486000e+01 4.584000e-15 4.584000e-15 0.000000e+00 1.021000e+01 2.527000e-15 0.000000e+00 0.000000e+00 7.179000e+00
-1.397886e+02 1.350000e+01 5.062000e-16 6.884000e+00 0.000000e+00 3.759000e+00 1.072000e-15 0.000000e+00 0.000000e+00 2.491000e+01
-1.397654e+02 1.240000e+01 6.992000e-16 1.025000e+00 0.000000e+00 6.576000e+00 1.474000e-15 0.000000e+00 0.000000e+00 3.170000e+01
-1.397514e+02 1.283000e+01 4.654000e+00 -7.707000e+00 0.000000e+00 1.597000e+01 1.659000e-02 0.000000e+00 0.000000e+00 1.243000e+01
-1.397480e+02 7.672000e+00 1.850000e-15 -1.413000e+01 0.000000e+00 6.237000e+00 1.589000e-15 0.000000e+00 0.000000e+00 2.789000e+01
-1.397369e+02 2.497000e+01 1.537000e-15 -1.197000e-01 0.000000e+00 6.589000e+00 1.486000e-15 0.000000e+00 0.000000e+00 1.576000e+01
-1.397296e+02 1.169000e+01 -4.316000e+00 8.940000e-01 0.000000e+00 6.865000e+00 -4.585000e-01 0.000000e+00 0.000000e+00 1.592000e+01
-1.397210e+02 2.771000e+01 1.697000e-15 1.697000e-15 0.000000e+00 3.730000e+00 1.076000e-15 0.000000e+00 0.000000e+00 2.462000e+01
-1.397202e+02 2.276000e+01 8.717000e-01 1.394000e-15 0.000000e+00 4.211000e+00 1.111000e-15 0.000000e+00 0.000000e+00 1.347000e+01
-1.397025e+02 3.731000e+00 4.067000e-17 1.015000e+01 0.000000e+00 7.862000e+00 1.266000e-15 0.000000e+00 0.000000e+00 4.414000e+01
-1.396789e+02 7.724000e+00 -1.087000e+00 1.252000e+00 0.000000e+00 6.499000e+00 2.868000e+00 0.000000e+00 0.000000e+00 1.273000e+01
-1.396700e+02 9.878000e+00 1.403000e-01 -1.938000e+00 0.000000e+00 6.657000e+00 -2.052000e+00 0.000000e+00 0.000000e+00 1.460000e+01
-1.396455e+02 2.367000e+01 1.870000e-15 -6.101000e+00 0.000000e+00 7.878000e+00 2.015000e-15 0.000000e+00 0.000000e+00 1.389000e+01
-1.396332e+02 8.167000e+00 -7.557000e+00 6.813000e-16 0.000000e+00 1.477000e+01 3.310000e-15 0.000000e+00 0.000000e+00 1.585000e+01
-1.396268e+02 9.250000e+00 1.794000e-16 1.314000e+01 0.000000e+00 1.242000e+01 1.959000e-15 0.000000e+00 0.000000e+00 1.126000e+01
-1.396177e+02 6.448000e+00 9.422000e+00 1.734000e+00 0.000000e+00 1.600000e+01 -9.839000e-02 0.000000e+00 0.000000e+00 1.242000e+01
-1.396165e+02 9.373000e+00 3.185000e+00 -5.730000e+00 0.000000e+00 9.521000e+00 -2.381000e+00 0.000000e+00 0.000000e+00 1.080000e+01
-1.395991e+02 4.378000e+00 1.087000e-15 -8.334000e+00 0.000000e+00 1.337000e+01 2.147000e-15 0.000000e+00 0.000000e+00 2.211000e+01
-1.395982e+02 6.424000e+00 1.731000e-01 3.915000e+00 0.000000e+00 1.596000e+01 -6.973000e-02 0.000000e+00 0.000000e+00 1.244000e+01
